           1    0.618789    0.618789           0
           2    0.577765    0.598277    0.014504
           3    0.554438    0.583664   0.0153577
           4    0.554545    0.576384   0.0131307
           5    0.559849    0.573077   0.0109131
           6    0.562586    0.571329  0.00923324
           7    0.569963    0.571134  0.00791627
           8    0.560578    0.569814  0.00703583
           9     0.56393     0.56916  0.00628437
          10    0.561216    0.568366  0.00570593
          11    0.568189     0.56835  0.00518723
          12    0.567686    0.568295  0.00475526
          13    0.567728    0.568251  0.00438967
          14    0.561103     0.56774  0.00410571
          15    0.564617    0.567532  0.00383727
          16    0.576775     0.56811  0.00364066
          17    0.555137    0.567347  0.00350557
          18    0.562843    0.567096  0.00331973
          19    0.566628    0.567072   0.0031451
          20    0.577468    0.567592   0.0030305
           1     0.54717     0.54717           0
           2    0.558278    0.552724  0.00392728
           3    0.568221     0.55789  0.00496419
           4    0.562488    0.559039  0.00385393
           5    0.566477    0.560527  0.00335797
           6    0.574119    0.562792  0.00347955
           7    0.562741    0.562785  0.00298248
           8    0.564844    0.563042  0.00262075
           9    0.558975     0.56259   0.0023682
          10    0.569355    0.563267  0.00222591
          11    0.571049    0.563974  0.00213301
          12    0.564107    0.563985  0.00195529
          13    0.554845    0.563282  0.00192716
          14    0.556338    0.562786  0.00185224
          15    0.548424    0.561829  0.00196067
          16    0.553158    0.561287  0.00191155
          17     0.54734    0.560466   0.0019673
          18    0.560753    0.560482  0.00185807
          19    0.558192    0.560362  0.00176419
          20    0.566338    0.560661   0.0017011
           1    0.556462    0.556462           0
           2    0.562827    0.559644  0.00225034
           3    0.563569    0.560953  0.00184166
           4    0.551811    0.558667  0.00241349
           5    0.558066    0.558547  0.00193379
           6    0.567246    0.559997   0.0020853
           7    0.559794    0.559968   0.0017876
           8    0.548403    0.558522  0.00206762
           9    0.559515    0.558633  0.00184082
          10     0.55756    0.558525  0.00165986
          11    0.568974    0.559475  0.00175991
          12    0.539855     0.55784  0.00224792
          13    0.572189    0.558944  0.00233026
          14    0.576905    0.560227  0.00249208
          15    0.573531    0.561114  0.00247875
          16    0.572927    0.561852   0.0024313
          17    0.567447    0.562181  0.00231045
          18     0.55023    0.561517  0.00227549
          19    0.569526    0.561939  0.00219443
          20    0.557692    0.561726  0.00209496
           1    0.558694    0.558694           0
           2    0.566264    0.562479  0.00267623
           3    0.560805    0.561921  0.00184143
           4    0.569219    0.563745  0.00209861
           5     0.55782     0.56256  0.00198546
           6    0.569104    0.563651    0.001931
           7    0.576245     0.56545  0.00234815
           8    0.560007     0.56477  0.00215097
           9    0.566079    0.564915  0.00191688
          10    0.566047    0.565028  0.00172853
          11    0.554961    0.564113  0.00179744
          12    0.550936    0.563015  0.00195451
          13    0.556627    0.562524  0.00186491
          14    0.560836    0.562403   0.0017356
          15    0.581238    0.563659  0.00202377
          16    0.568797     0.56398   0.0019226
          17    0.569966    0.564332  0.00184147
          18    0.557713    0.563964   0.0017755
          19    0.552198    0.563345   0.0017868
          20    0.556882    0.563022  0.00172643
           1    0.563278    0.563278           0
           2    0.564559    0.563918 0.000452779
           3    0.556849    0.561562  0.00194762
           4    0.564842    0.562382  0.00162421
           5    0.577477    0.565401  0.00299663
           6    0.555091    0.563683  0.00294899
           7    0.561933    0.563433  0.00253828
           8    0.565118    0.563643  0.00222972
           9     0.56452    0.563741   0.0019841
          10    0.555599    0.562927  0.00194557
          11    0.551859     0.56192  0.00201213
          12    0.567077     0.56235  0.00188978
          13    0.555238    0.561803  0.00182187
          14    0.560109    0.561682  0.00169575
          15    0.566724    0.562018  0.00161567
          16    0.564227    0.562156  0.00152058
          17    0.567344    0.562461  0.00146143
          18    0.558353    0.562233  0.00139795
          19     0.57582    0.562948  0.00149613
          20    0.551055    0.562354  0.00153497
           1    0.572196    0.572196           0
           2    0.572276    0.572236 2.84626e-05
           3    0.555255    0.566576  0.00462174
           4    0.559052    0.564695  0.00382998
           5    0.553459    0.562448  0.00366435
           6    0.567855    0.563349  0.00316252
           7    0.548749    0.561263  0.00332817
           8    0.562036     0.56136  0.00291355
           9    0.562744    0.561514  0.00259388
          10    0.553669    0.560729  0.00245023
          11     0.55929    0.560598  0.00223097
          12    0.542992    0.559131  0.00248101
          13    0.548119    0.558284  0.00243047
          14    0.558069    0.558269  0.00225691
          15    0.560742    0.558434  0.00211247
          16    0.561964    0.558654  0.00199193
          17    0.574516    0.559587  0.00208184
          18    0.567526    0.560028  0.00201236
          19    0.562762    0.560172  0.00191158
          20    0.558871    0.560107  0.00181711
          21    0.559498    0.560078  0.00173081
          22    0.568673    0.560469  0.00169566
          23    0.563449    0.560598  0.00162688
          24    0.558352    0.560505  0.00156178
          25    0.570588    0.560908  0.00155051
          26    0.562086    0.560953  0.00149154
          27    0.565122    0.561108  0.00144427
          28    0.559598    0.561054  0.00139369
          29    0.565131    0.561195  0.00135271
          30    0.571515    0.561539  0.00135065
           1    0.564181    0.564181           0
           2     0.56162    0.562901 0.000905702
           3    0.561178    0.562326 0.000764429
           4     0.55204    0.559755  0.00229958
           5    0.552859    0.558376  0.00221494
           6    0.566246    0.559687  0.00220018
           7    0.569983    0.561158  0.00232611
           8    0.543379    0.558936  0.00290935
           9     0.54874    0.557803  0.00279799
          10     0.55725    0.557748  0.00251874
          11    0.554523    0.557455  0.00230676
          12    0.541517    0.556126  0.00246742
          13    0.539439    0.554843  0.00259007
          14    0.558525    0.555106  0.00241838
          15     0.56235    0.555589  0.00230487
          16    0.564946    0.556174  0.00223378
          17    0.564554    0.556667  0.00215609
          18    0.564982    0.557129  0.00208521
          19    0.566052    0.557598  0.00202766
          20    0.544561    0.556946  0.00202836
          21    0.559451    0.557066  0.00193527
          22    0.565202    0.557435  0.00188232
          23    0.570692    0.558012  0.00188666
          24    0.555729    0.557917  0.00181044
          25    0.553474    0.557739  0.00174672
          26    0.559791    0.557818  0.00168132
          27    0.573595    0.558402   0.0017176
          28    0.558482    0.558405  0.00165626
          29    0.550698    0.558139  0.00162033
          30    0.568937    0.558499  0.00160579
           1     1.23716     1.23716           0
           2     1.19415     1.21566   0.0152062
           3     1.19575     1.20902   0.0114947
           4     1.19211     1.20479  0.00936668
           5       1.213     1.20643   0.0076359
           6     1.22206     1.20904  0.00679277
           7     1.21003     1.20918  0.00582384
           8     1.18551     1.20622  0.00579902
           9     1.17336     1.20257  0.00619822
          10     1.18407     1.20072  0.00584806
          11     1.17668     1.19853  0.00571006
          12     1.21076     1.19955  0.00532439
          13     1.18138     1.19816  0.00509508
          14      1.1987     1.19819   0.0047313
          15     1.20301     1.19852  0.00442676
          16     1.17507     1.19705    0.004386
          17     1.19841     1.19713  0.00412873
          18     1.20423     1.19752  0.00391815
          19     1.19674     1.19748  0.00371215
          20     1.17087     1.19615  0.00375739
          21     1.21512     1.19706  0.00368542
          22     1.17317     1.19597   0.0036743
          23     1.18844     1.19564  0.00352911
          24     1.19874     1.19577  0.00338441
          25     1.19352     1.19568  0.00325024
          26     1.18847      1.1954  0.00313705
          27     1.17565     1.19467  0.00310503
          28     1.18466     1.19431  0.00301467
          29      1.1772     1.19372  0.00296795
          30     1.18306     1.19337  0.00289023
           1     1.23716     1.23716           0
           2     1.19415     1.21566   0.0152062
           3     1.19575     1.20902   0.0114947
           4     1.19211     1.20479  0.00936668
           5       1.213     1.20643   0.0076359
           6     1.22206     1.20904  0.00679277
           7     1.21003     1.20918  0.00582384
           8     1.18551     1.20622  0.00579902
           9     1.17336     1.20257  0.00619822
          10     1.18407     1.20072  0.00584806
          11     1.17668     1.19853  0.00571006
          12     1.21076     1.19955  0.00532439
          13     1.18138     1.19816  0.00509508
          14      1.1987     1.19819   0.0047313
          15     1.20301     1.19852  0.00442676
          16     1.17507     1.19705    0.004386
          17     1.19841     1.19713  0.00412873
          18     1.20423     1.19752  0.00391815
          19     1.19674     1.19748  0.00371215
          20     1.17087     1.19615  0.00375739
          21     1.21512     1.19706  0.00368542
          22     1.17317     1.19597   0.0036743
          23     1.18844     1.19564  0.00352911
          24     1.19874     1.19577  0.00338441
          25     1.19352     1.19568  0.00325024
          26     1.18847      1.1954  0.00313705
          27     1.17565     1.19467  0.00310503
          28     1.18466     1.19431  0.00301467
          29      1.1772     1.19372  0.00296795
          30     1.18306     1.19337  0.00289023
           1     1.12843     1.12843           0
           2     1.10026     1.11435  0.00995775
           3     1.08469     1.10446   0.0104508
           4     1.08179     1.09879  0.00924804
           5     1.09341     1.09772  0.00746083
           6      1.0985     1.09785  0.00621851
           7     1.09437     1.09735  0.00534999
           8     1.06844     1.09374  0.00577421
           9     1.08856     1.09316  0.00516121
          10     1.07188     1.09103  0.00506482
          11     1.08652     1.09062  0.00462096
          12     1.08904     1.09049  0.00423776
          13     1.08177     1.08982  0.00396447
          14     1.09044     1.08986  0.00368154
          15     1.08842     1.08977  0.00343737
          16     1.08592     1.08953  0.00323093
          17     1.10193     1.09026  0.00312222
          18     1.10531     1.09109  0.00305871
          19     1.10811     1.09199  0.00302597
          20     1.08173     1.09148  0.00291783
          21     1.10883      1.0923  0.00289354
          22     1.12362     1.09373  0.00309251
          23     1.09256     1.09368  0.00295847
          24     1.10077     1.09397  0.00284993
          25     1.10432     1.09438  0.00276581
          26     1.11087     1.09502   0.0027311
          27      1.1074     1.09548  0.00266818
          28      1.0921     1.09536   0.0025756
          29     1.09379      1.0953  0.00248736
          30     1.09123     1.09517  0.00240815
           1     1.11557     1.11557           0
           2     1.08516     1.10036   0.0107493
           3     1.11504     1.10526   0.0082046
           4     1.11292     1.10717   0.0063733
           5     1.11218     1.10818  0.00517675
           6     1.11959     1.11008  0.00465063
           7      1.0596     1.10287  0.00777524
           8     1.08878     1.10111  0.00699977
           9     1.07787     1.09852  0.00668142
          10     1.10456     1.09913  0.00604045
          11     1.11188     1.10029  0.00560137
          12     1.10482     1.10066  0.00514731
          13     1.09074      1.0999  0.00480759
          14     1.09571      1.0996   0.0044735
          15      1.0834     1.09852  0.00430363
          16     1.10404     1.09887  0.00404846
          17     1.08807     1.09823  0.00385984
          18     1.09141     1.09785  0.00366397
          19     1.08183     1.09701  0.00356686
          20      1.1097     1.09764  0.00344451
          21     1.09041      1.0973  0.00329769
          22     1.08759     1.09686   0.0031772
          23     1.09204     1.09665  0.00304595
          24      1.1111     1.09725  0.00297795
          25     1.07812     1.09649  0.00295556
          26     1.06316      1.0952   0.0031074
          27     1.09337     1.09514  0.00299305
          28     1.12951     1.09636  0.00312779
          29     1.09113     1.09618  0.00302513
          30      1.0931     1.09608  0.00292604
           1     1.08238     1.08238           0
           2     1.09993     1.09115    0.006203
           3     1.09568     1.09266  0.00431481
           4     1.13136     1.10234  0.00898141
           5     1.07954     1.09778  0.00826142
           6     1.09395     1.09714  0.00690912
           7      1.0896     1.09606  0.00600542
           8     1.08276      1.0944  0.00547994
           9     1.07969     1.09277    0.005109
          10     1.06915      1.0904  0.00511471
          11     1.10551     1.09178  0.00483065
          12     1.10108     1.09255  0.00448993
          13     1.07794     1.09143  0.00428289
          14     1.08694     1.09111  0.00398895
          15     1.10238     1.09186  0.00379311
          16     1.07753     1.09096  0.00366028
          17     1.09198     1.09102  0.00344546
          18     1.09624     1.09131  0.00326618
          19     1.09763     1.09165  0.00311113
          20     1.10847     1.09249  0.00306724
          21     1.07743     1.09177  0.00300385
          22     1.09541     1.09194  0.00287188
          23     1.10274     1.09241  0.00278517
          24     1.10634     1.09299  0.00272901
          25     1.07249     1.09217  0.00274028
          26     1.10496     1.09266  0.00267871
          27     1.09034     1.09257  0.00258087
          28      1.1307     1.09393  0.00282511
          29     1.12294     1.09493  0.00289933
          30     1.07924     1.09441  0.00284947
