0.0128248	0	0
0.0384745	0	0
0.0641241	0	0
0.0897737	0	0
0.115423	0	0
0.141073	0	0
0.166723	0	0
0.192372	0	0
0.218022	0	0
0.243672	0	0
0.269321	0	0
0.294971	0	0
0.32062	0	0
0.34627	0	0
0.37192	0	0
0.397569	0	0
0.423219	0	0
0.448869	0	0
0.474518	0	0
0.500168	0	0
0.525818	0	0
0.551467	0	0
0.577117	0	0
0.602767	0	0
0.628416	0	0
0.654066	0	0
0.679715	0	0
0.705365	0	0
0.731015	0	0
0.756664	0	0
0.782314	0	0
0.807964	0	0
0.833613	0	0
0.859263	5.99779e-06	4.01448e-06
0.884913	0.00140141	8.26387e-05
0.910562	0.0255241	0.000363565
0.936212	0.172738	0.000847055
0.961861	0.579792	0.00169543
0.987511	1.22352	0.00268174
1.01316	1.8787	0.00379683
1.03881	2.34945	0.00356252
1.06446	2.55351	0.00370213
1.09011	2.54529	0.00366742
1.11576	2.39849	0.00365327
1.14141	2.183	0.00378306
1.16706	1.96006	0.00297629
1.19271	1.74489	0.00335818
1.21836	1.55611	0.00336901
1.24401	1.38571	0.00279329
1.26966	1.24043	0.0027825
1.29531	1.11734	0.00259613
1.32096	1.01865	0.00242531
1.34661	0.934667	0.00217352
1.37226	0.866293	0.00212772
1.39791	0.811506	0.00186737
1.42355	0.767302	0.0018969
1.4492	0.734636	0.00189235
1.47485	0.708787	0.00183279
1.5005	0.691958	0.00186566
1.52615	0.679705	0.00171239
1.5518	0.674484	0.00158873
1.57745	0.673045	0.0016801
1.6031	0.679129	0.00151004
1.62875	0.690728	0.00175857
1.6544	0.710496	0.0018587
1.68005	0.72864	0.00164605
1.7057	0.752861	0.0015687
1.73135	0.785057	0.00156815
1.757	0.822358	0.00160834
1.78265	0.856447	0.00172602
1.8083	0.898995	0.00183454
1.83395	0.941558	0.00181203
1.8596	0.980039	0.00174859
1.88525	1.02271	0.00180644
1.9109	1.06145	0.0019855
1.93655	1.09725	0.00189492
1.9622	1.13206	0.00177383
1.98785	1.16097	0.00163674
2.0135	1.18728	0.00162987
2.03915	1.20366	0.00151327
2.0648	1.21086	0.00148784
2.09045	1.21579	0.00141516
2.1161	1.20689	0.00139027
2.14174	1.19089	0.00154668
2.16739	1.17128	0.00162201
2.19304	1.14624	0.00162517
2.21869	1.11934	0.00153143
2.24434	1.08844	0.00144827
2.26999	1.05963	0.00145691
2.29564	1.03265	0.0015026
2.32129	1.00581	0.00172479
2.34694	0.982779	0.00172981
2.37259	0.961563	0.00135911
2.39824	0.942636	0.00137062
2.42389	0.923963	0.00136414
2.44954	0.912031	0.00130598
2.47519	0.902495	0.00125464
2.50084	0.895949	0.00129426
2.52649	0.893108	0.00127471
2.55214	0.894238	0.00114089
