0.0115332	0	0
0.0345996	0	0
0.0576661	0	0
0.0807325	0	0
0.103799	0	0
0.126865	0	0
0.149932	0	0
0.172998	0	0
0.196065	0	0
0.219131	0	0
0.242198	0	0
0.265264	0	0
0.28833	0	0
0.311397	0	0
0.334463	0	0
0.35753	0	0
0.380596	0	0
0.403663	0	0
0.426729	0	0
0.449795	0	0
0.472862	0	0
0.495928	0	0
0.518995	0	0
0.542061	0	0
0.565128	0	0
0.588194	0	0
0.61126	0	0
0.634327	0	0
0.657393	0	0
0.68046	0	0
0.703526	0	0
0.726593	0	0
0.749659	0	0
0.772725	0	0
0.795792	0	0
0.818858	0	0
0.841925	0	0
0.864991	2.58734e-07	2.57437e-07
0.888058	7.37632e-05	4.47431e-06
0.911124	0.003298	3.42079e-05
0.93419	0.0471684	0.000162395
0.957257	0.293583	0.000414637
0.980323	1.00763	0.000885761
1.00339	2.24147	0.00109503
1.02646	3.62625	0.000921321
1.04952	4.61797	0.00103725
1.07259	4.8955	0.00148106
1.09566	4.48928	0.00153765
1.11872	3.65841	0.00130458
1.14179	2.69402	0.000797483
1.16485	1.81565	0.000540133
1.18792	1.13137	0.000540679
1.21099	0.654191	0.000486892
1.23405	0.353669	0.000456967
1.25712	0.180181	0.000353612
1.28019	0.0889634	0.00027538
1.30325	0.049389	0.000218291
1.32632	0.04247	0.00019037
1.34939	0.061158	0.000181954
1.37245	0.106438	0.000240073
1.39552	0.184373	0.000253872
1.41859	0.300619	0.000280323
1.44165	0.453229	0.00023942
1.46472	0.628029	0.000287261
1.48778	0.796079	0.000371911
1.51085	0.92155	0.000485988
1.53392	0.970414	0.000557169
1.55698	0.928507	0.000513933
1.58005	0.808249	0.000419875
1.60312	0.641026	0.000268146
1.62618	0.46564	0.000233971
1.64925	0.317029	0.000273244
1.67232	0.219942	0.000316917
1.69538	0.19272	0.000410641
1.71845	0.255719	0.000458819
1.74152	0.43446	0.000531823
1.76458	0.74971	0.00060415
1.78765	1.19794	0.000519362
1.81071	1.72732	0.000382935
1.83378	2.23482	0.000595629
1.85685	2.59564	0.000978865
1.87991	2.71334	0.0010916
1.90298	2.55646	0.000970761
1.92605	2.1803	0.000707552
1.94911	1.68978	0.000371724
1.97218	1.2006	0.000333849
1.99525	0.802263	0.000487903
2.01831	0.542865	0.000580146
2.04138	0.435007	0.000576069
2.06445	0.461986	0.000500662
2.08751	0.587049	0.00034681
2.11058	0.758735	0.000199353
2.13364	0.917397	0.0002614
2.15671	1.01424	0.000366465
2.17978	1.02089	0.000467991
2.20284	0.919016	0.000310047
2.22591	0.780869	0.000207125
2.24898	0.654291	0.000300426
2.27204	0.572273	0.000455862
2.29511	0.573647	0.000571953
