	1	1.45302	1.45302	0
	2	1.52805	1.49053	0.0265277
	3	1.35943	1.44683	0.0398246
	4	1.40248	1.43575	0.0313739
	5	1.44098	1.43679	0.0251166
	6	1.41358	1.43292	0.0212263
	7	1.36283	1.42291	0.0204196
	8	1.41008	1.42131	0.01793
	9	1.39786	1.4187	0.016126
	10	1.46714	1.42355	0.0152236
	11	1.34934	1.4168	0.0152612
	12	1.36857	1.41278	0.014509
	13	1.43611	1.41458	0.0135034
	14	1.34843	1.40985	0.0133398
	15	1.39947	1.40916	0.0124684
	16	1.3792	1.40729	0.0118289
	17	1.43576	1.40896	0.011251
	18	1.37842	1.40726	0.0107532
	19	1.34513	1.40399	0.010673
	20	1.38666	1.40313	0.0101744
	21	1.36368	1.40125	0.00986178
	22	1.36122	1.39943	0.0095799
	23	1.41187	1.39997	0.00917864
	24	1.36606	1.39856	0.00890431
	25	1.40604	1.39886	0.00855317
	26	1.40228	1.39899	0.00822521
	27	1.39988	1.39902	0.00792064
	28	1.44625	1.40071	0.00781532
	29	1.38422	1.40014	0.00756647
	30	1.34515	1.39831	0.00753298
	31	1.44597	1.39984	0.00744526
	32	1.42324	1.40058	0.0072484
	33	1.39917	1.40053	0.00702888
	34	1.44049	1.40171	0.00691972
	35	1.334	1.39977	0.00698723
	36	1.35913	1.39865	0.00688374
	37	1.38344	1.39823	0.00670995
	38	1.38481	1.39788	0.00654267
	39	1.39155	1.39772	0.00637693
	40	1.36919	1.39701	0.00625726
	41	1.34015	1.39562	0.00625641
	42	1.34317	1.39437	0.00623085
	43	1.35628	1.39348	0.00614859
	44	1.43167	1.39435	0.00606979
	45	1.35181	1.39341	0.00600809
	46	1.37835	1.39308	0.00588639
	47	1.35999	1.39238	0.00580308
	48	1.35572	1.39161	0.00573222
	49	1.46792	1.39317	0.00582292
	50	1.42214	1.39375	0.00573521
	51	1.40756	1.39402	0.00562915
	52	1.46907	1.39546	0.00570292
	53	1.39435	1.39544	0.00559535
	54	1.43633	1.3962	0.00554273
	55	1.45605	1.39729	0.00554775
	56	1.42544	1.39779	0.00547143
	57	1.41212	1.39804	0.00538121
	58	1.36769	1.39752	0.00531381
	59	1.36326	1.39694	0.00525538
	60	1.43842	1.39763	0.00521307
	61	1.4003	1.39767	0.00512779
	62	1.44823	1.39849	0.00510951
	63	1.45599	1.3994	0.00510928
	64	1.43705	1.39999	0.0050632
	65	1.39473	1.39991	0.00498595
	66	1.44677	1.40062	0.0049607
	67	1.40091	1.40062	0.00488666
	68	1.38095	1.40033	0.00482335
	69	1.41422	1.40053	0.00475764
	70	1.38411	1.4003	0.00469546
	71	1.32294	1.39921	0.00475407
	72	1.4205	1.39951	0.00469723
	73	1.42219	1.39982	0.00464315
	74	1.36846	1.39939	0.0045997
	75	1.44835	1.40004	0.00458445
	76	1.34545	1.39933	0.00458007
	77	1.37806	1.39905	0.00452891
	78	1.35179	1.39844	0.00451119
	79	1.36549	1.39803	0.00447333
	80	1.41986	1.3983	0.00442573
	81	1.39589	1.39827	0.00437119
	82	1.37115	1.39794	0.00433038
	83	1.42153	1.39822	0.00428752
	84	1.36709	1.39785	0.00425247
	85	1.45286	1.3985	0.00425139
	86	1.41827	1.39873	0.00420816
	87	1.43618	1.39916	0.00418175
	88	1.39053	1.39906	0.00413538
	89	1.40022	1.39908	0.00408893
	90	1.45048	1.39965	0.0040832
	91	1.31335	1.3987	0.004147
	92	1.36287	1.39831	0.00412016
	93	1.45337	1.3989	0.00411817
	94	1.35639	1.39845	0.00409912
	95	1.35693	1.39801	0.0040792
	96	1.43526	1.3984	0.00405512
	97	1.42409	1.39866	0.00402195
	98	1.40145	1.39869	0.00398101
	99	1.36317	1.39833	0.00395693
	100	1.44968	1.39885	0.00395054
