0.0323165	0	0
0.0969496	0	0
0.161583	0	0
0.226216	0	0
0.290849	0	0
0.355482	0	0
0.420115	0	0
0.484748	0	0
0.549381	0	0
0.614014	0	0
0.678647	0	0
0.74328	0	0
0.807913	0	0
0.872546	0.000894032	4.21192e-05
0.937179	0.147531	0.000981928
1.00181	1.0577	0.00586182
1.06645	2.02674	0.0102426
1.13108	2.24877	0.0107551
1.19571	2.06979	0.00978581
1.26034	1.81636	0.0080769
1.32498	1.60142	0.00703564
1.38961	1.439	0.00592969
1.45424	1.32484	0.00529039
1.51888	1.24112	0.00497952
1.58351	1.17948	0.00464852
1.64814	1.13445	0.00430282
1.71278	1.10271	0.00421109
1.77741	1.08061	0.00404866
1.84204	1.06458	0.0038787
1.90667	1.05557	0.0040486
1.97131	1.05077	0.00405581
2.03594	1.04754	0.00404531
2.10057	1.04525	0.00394784
2.16521	1.04358	0.00374341
2.22984	1.0389	0.00367673
2.29447	1.03384	0.0035605
2.35911	1.02732	0.00337558
2.42374	1.02205	0.00330256
2.48837	1.01638	0.00320293
2.55301	1.01156	0.00313265
2.61764	1.00812	0.00291229
2.68227	1.00459	0.00283905
2.7469	1.00197	0.0027767
2.81154	1.0006	0.00270264
2.87617	0.999139	0.00274336
2.9408	0.996705	0.00257062
3.00544	0.994575	0.00253282
3.07007	0.994218	0.00249786
3.1347	0.993246	0.00250266
3.19934	0.992331	0.00238658
3.26397	0.991393	0.00230856
3.3286	0.99021	0.00229504
3.39323	0.989229	0.00215708
3.45787	0.98918	0.00208021
3.5225	0.989121	0.00199356
3.58713	0.988813	0.00191452
3.65177	0.988458	0.00177781
3.7164	0.988056	0.00177271
3.78103	0.987527	0.00167417
3.84567	0.987251	0.00162786
3.9103	0.987186	0.00155132
3.97493	0.987455	0.00150731
4.03957	0.987762	0.00145481
4.1042	0.987361	0.0014487
4.16883	0.986804	0.00140521
4.23346	0.986777	0.00138146
4.2981	0.986716	0.00139041
4.36273	0.986507	0.00140629
4.42736	0.986811	0.00135618
4.492	0.986591	0.00137048
4.55663	0.986751	0.00135124
4.62126	0.986663	0.00129083
4.6859	0.986492	0.00128894
4.75053	0.986251	0.00123608
4.81516	0.985965	0.00120017
4.87979	0.98644	0.00120081
4.94443	0.986354	0.00122339
5.00906	0.986277	0.00115379
5.07369	0.986198	0.00115343
5.13833	0.986679	0.00114094
5.20296	0.986772	0.00112169
5.26759	0.986537	0.00111476
5.33223	0.986572	0.0011094
5.39686	0.986485	0.00109914
5.46149	0.987401	0.00102764
5.52612	0.98672	0.000996421
5.59076	0.987029	0.000935679
5.65539	0.986823	0.000925717
5.72002	0.987196	0.000903395
5.78466	0.987991	0.000892884
5.84929	0.987438	0.000858563
5.91392	0.987334	0.000828869
5.97856	0.987269	0.000841057
6.04319	0.986526	0.000861458
6.10782	0.986257	0.000860745
6.17246	0.986647	0.000854578
6.23709	0.986986	0.000862201
6.30172	0.987239	0.000847718
6.36635	0.98714	0.000828579
6.43099	0.987001	0.000828062
