0.0115332	0	0
0.0345996	0	0
0.0576661	0	0
0.0807325	0	0
0.103799	0	0
0.126865	0	0
0.149932	0	0
0.172998	0	0
0.196065	0	0
0.219131	0	0
0.242198	0	0
0.265264	0	0
0.28833	0	0
0.311397	0	0
0.334463	0	0
0.35753	0	0
0.380596	0	0
0.403663	0	0
0.426729	0	0
0.449795	0	0
0.472862	0	0
0.495928	0	0
0.518995	0	0
0.542061	0	0
0.565128	0	0
0.588194	0	0
0.61126	0	0
0.634327	0	0
0.657393	0	0
0.68046	0	0
0.703526	0	0
0.726593	0	0
0.749659	0	0
0.772725	0	0
0.795792	0	0
0.818858	0	0
0.841925	0	0
0.864991	0	0
0.888058	6.79947e-05	1.5497e-05
0.911124	0.00389696	0.000122096
0.93419	0.0526121	0.000436643
0.957257	0.320193	0.00102274
0.980323	1.05821	0.00181948
1.00339	2.29598	0.00262608
1.02646	3.65047	0.00352789
1.04952	4.57707	0.00369493
1.07259	4.81328	0.00386196
1.09566	4.40945	0.00379301
1.11872	3.60677	0.00399413
1.14179	2.67779	0.00321884
1.16485	1.82862	0.00274236
1.18792	1.15459	0.00181434
1.21099	0.679795	0.0017445
1.23405	0.373776	0.00128242
1.25712	0.193049	0.000911851
1.28019	0.0971087	0.000690946
1.30325	0.0550671	0.000641032
1.32632	0.0468463	0.000640843
1.34939	0.0662546	0.000752381
1.37245	0.112912	0.000993301
1.39552	0.191396	0.00114137
1.41859	0.309074	0.00140186
1.44165	0.45974	0.0012484
1.46472	0.626648	0.00114904
1.48778	0.787611	0.00151377
1.51085	0.906568	0.00208995
1.53392	0.95347	0.00246751
1.55698	0.912119	0.00252078
1.58005	0.797894	0.00162733
1.60312	0.640767	0.00125905
1.62618	0.471492	0.00109466
1.64925	0.32563	0.00121935
1.67232	0.231393	0.00123456
1.69538	0.207081	0.00129252
1.71845	0.273712	0.0012123
1.74152	0.457452	0.00150821
1.76458	0.774636	0.00142649
1.78765	1.21499	0.00156338
1.81071	1.73017	0.00164093
1.83378	2.21684	0.00173631
1.85685	2.557	0.00269702
1.87991	2.66653	0.00300762
1.90298	2.51599	0.00285136
1.92605	2.15498	0.00219537
1.94911	1.68597	0.00143428
1.97218	1.21205	0.00126334
1.99525	0.823299	0.00133603
2.01831	0.568651	0.0015
2.04138	0.460809	0.00147377
2.06445	0.484305	0.00131143
2.08751	0.602074	0.00104851
2.11058	0.760043	0.000724259
2.13364	0.904983	0.000981485
2.15671	0.988588	0.00139813
2.17978	0.988195	0.0013921
2.20284	0.912254	0.00123053
2.22591	0.789249	0.00101328
2.24898	0.66547	0.00127494
2.27204	0.590649	0.00164878
2.29511	0.59399	0.00185335
