0.0323165	0	0
0.0969496	0	0
0.161583	0	0
0.226216	0	0
0.290849	0	0
0.355482	0	0
0.420115	0	0
0.484748	0	0
0.549381	0	0
0.614014	0	0
0.678647	0	0
0.74328	0	0
0.807913	0	0
0.872546	0.0011824	0.000169752
0.937179	0.152511	0.00336528
1.00181	1.05166	0.0127867
1.06645	2.02002	0.0237176
1.13108	2.24984	0.0317674
1.19571	2.06268	0.0271016
1.26034	1.81223	0.0215813
1.32498	1.6044	0.0190537
1.38961	1.45116	0.0158324
1.45424	1.32281	0.0143681
1.51888	1.22154	0.0120498
1.58351	1.17846	0.0111509
1.64814	1.14004	0.0112326
1.71278	1.09971	0.0104525
1.77741	1.08311	0.0101235
1.84204	1.07036	0.00939346
1.90667	1.05366	0.00975806
1.97131	1.0546	0.00884541
2.03594	1.04802	0.00930989
2.10057	1.04443	0.0093605
2.16521	1.03782	0.00881562
2.22984	1.03564	0.00883482
2.29447	1.04106	0.00826061
2.35911	1.03296	0.00778368
2.42374	1.02918	0.00725934
2.48837	1.01865	0.00614444
2.55301	1.02422	0.00639224
2.61764	1.00732	0.00661405
2.68227	1.01024	0.00611244
2.7469	1.00256	0.00574718
2.81154	0.991738	0.00609713
2.87617	0.986728	0.00547728
2.9408	0.98918	0.00543613
3.00544	0.989325	0.0052801
3.07007	0.995997	0.00557948
3.1347	0.990549	0.0050148
3.19934	0.99671	0.00525856
3.26397	0.993647	0.00459987
3.3286	0.996622	0.00482378
3.39323	0.988485	0.00424078
3.45787	0.991011	0.00466474
3.5225	0.986381	0.00435781
3.58713	0.984291	0.00450341
3.65177	0.986899	0.00428421
3.7164	0.985261	0.00405525
3.78103	0.985182	0.00402456
3.84567	0.978103	0.00395757
3.9103	0.984208	0.00409576
3.97493	0.984286	0.00404931
4.03957	0.985295	0.00434549
4.1042	0.98715	0.00386004
4.16883	0.992797	0.0037163
4.23346	0.993185	0.00362324
4.2981	0.984623	0.00322726
4.36273	0.980116	0.00354239
4.42736	0.987608	0.00354504
4.492	0.98662	0.00348054
4.55663	0.98779	0.0034386
4.62126	0.988725	0.00313551
4.6859	0.989618	0.00322184
4.75053	0.989035	0.00307374
4.81516	0.992813	0.00279994
4.87979	0.989923	0.00301014
4.94443	0.9858	0.00260017
5.00906	0.986168	0.00258485
5.07369	0.987443	0.00288919
5.13833	0.987243	0.00304724
5.20296	0.982118	0.00274009
5.26759	0.985432	0.00306406
5.33223	0.98579	0.00252414
5.39686	0.988073	0.00267961
5.46149	0.988886	0.00272671
5.52612	0.988658	0.00272171
5.59076	0.992016	0.00254422
5.65539	0.989598	0.00257694
5.72002	0.989879	0.00245024
5.78466	0.988927	0.00226113
5.84929	0.990453	0.00238257
5.91392	0.989056	0.0026964
5.97856	0.990276	0.00271102
6.04319	0.986261	0.00268267
6.10782	0.986176	0.00225318
6.17246	0.9866	0.00215168
6.23709	0.985789	0.00231365
6.30172	0.988603	0.002183
6.36635	0.987738	0.00211976
6.43099	0.987589	0.0021858
