0.0128248	0	0
0.0384745	0	0
0.0641241	0	0
0.0897737	0	0
0.115423	0	0
0.141073	0	0
0.166723	0	0
0.192372	0	0
0.218022	0	0
0.243672	0	0
0.269321	0	0
0.294971	0	0
0.32062	0	0
0.34627	0	0
0.37192	0	0
0.397569	0	0
0.423219	0	0
0.448869	0	0
0.474518	0	0
0.500168	0	0
0.525818	0	0
0.551467	0	0
0.577117	0	0
0.602767	0	0
0.628416	0	0
0.654066	0	0
0.679715	0	0
0.705365	0	0
0.731015	0	0
0.756664	0	0
0.782314	0	0
0.807964	0	0
0.833613	0	0
0.859263	1.55618e-05	2.44683e-06
0.884913	0.0012663	1.92258e-05
0.910562	0.0242041	9.27074e-05
0.936212	0.165256	0.000330517
0.961861	0.565065	0.000721349
0.987511	1.20199	0.00116135
1.01316	1.8639	0.00126838
1.03881	2.33647	0.00102836
1.06446	2.5514	0.0009486
1.09011	2.54913	0.000902263
1.11576	2.40658	0.000824242
1.14141	2.19814	0.000899471
1.16706	1.97232	0.000972373
1.19271	1.75527	0.000888121
1.21836	1.55869	0.000931567
1.24401	1.38941	0.000827584
1.26966	1.24592	0.000795457
1.29531	1.12405	0.000724615
1.32096	1.02426	0.000606691
1.34661	0.940007	0.000607989
1.37226	0.872705	0.000501542
1.39791	0.817445	0.000465699
1.42355	0.773677	0.00041843
1.4492	0.73766	0.000434052
1.47485	0.710619	0.000508007
1.5005	0.691646	0.000465575
1.52615	0.678741	0.000502806
1.5518	0.671156	0.000507738
1.57745	0.670424	0.000496095
1.6031	0.676205	0.000479334
1.62875	0.686245	0.000471391
1.6544	0.701992	0.00045131
1.68005	0.723211	0.000473339
1.7057	0.749744	0.000420009
1.73135	0.780509	0.0004541
1.757	0.815489	0.000462213
1.78265	0.853688	0.000468797
1.8083	0.894284	0.000452138
1.83395	0.935667	0.000424485
1.8596	0.978098	0.000426809
1.88525	1.01895	0.000459574
1.9109	1.05839	0.000472467
1.93655	1.09604	0.000453975
1.9622	1.13068	0.000447639
1.98785	1.16082	0.000399821
2.0135	1.18602	0.00042729
2.03915	1.20331	0.000437798
2.0648	1.21349	0.000418238
2.09045	1.21477	0.000394767
2.1161	1.20822	0.000438839
2.14174	1.19419	0.00041748
2.16739	1.17457	0.000446048
2.19304	1.15036	0.000450392
2.21869	1.1237	0.000420928
2.24434	1.09503	0.000428849
2.26999	1.06641	0.000440746
2.29564	1.03856	0.000419368
2.32129	1.01198	0.000418908
2.34694	0.988015	0.000394382
2.37259	0.966494	0.000403857
2.39824	0.947381	0.000373708
2.42389	0.931295	0.000352354
2.44954	0.918738	0.000349459
2.47519	0.908844	0.000361897
2.50084	0.894776	0.000331031
2.52649	0.8863	0.000342653
2.55214	0.886062	0.000327646
