	1	0.0494979	0.0494979	0
	2	0.0488355	0.0491667	0.000234207
	3	0.0496419	0.0493251	0.000202737
	4	0.0492072	0.0492956	0.000154179
	5	0.0493592	0.0493083	0.000123866
	6	0.049418	0.0493266	0.000104562
	7	0.0489503	0.0492729	0.000102514
	8	0.0494922	0.0493003	9.32945e-05
	9	0.0489165	0.0492576	9.2158e-05
	10	0.0492434	0.0492562	8.29531e-05
	11	0.0496461	0.0492917	8.26365e-05
	12	0.0494913	0.0493083	7.74067e-05
	13	0.0484874	0.0492452	9.37358e-05
	14	0.0486732	0.0492043	9.55295e-05
	15	0.0488001	0.0491774	9.28832e-05
	16	0.0497298	0.0492119	9.32751e-05
	17	0.0493055	0.0492174	8.79509e-05
	18	0.0494872	0.0492324	8.43321e-05
	19	0.0483817	0.0491876	9.1005e-05
	20	0.0483835	0.0491474	9.49215e-05
	21	0.0490592	0.0491432	9.04944e-05
	22	0.0489724	0.0491354	8.67136e-05
	23	0.0493271	0.0491438	8.3343e-05
	24	0.0496397	0.0491644	8.23921e-05
	25	0.0492678	0.0491686	7.92e-05
	26	0.0494248	0.0491784	7.67646e-05
	27	0.0493726	0.0491856	7.42575e-05
	28	0.0492275	0.0491871	7.16205e-05
	29	0.0492726	0.0491901	6.92114e-05
	30	0.0491246	0.0491879	6.69388e-05
	31	0.0485965	0.0491688	6.74433e-05
	32	0.0492725	0.049172	6.54135e-05
	33	0.0490457	0.0491682	6.35433e-05
	34	0.0492558	0.0491708	6.17265e-05
	35	0.0492449	0.0491729	5.99992e-05
	36	0.0498717	0.0491923	6.1392e-05
	37	0.049028	0.0491879	5.98931e-05
	38	0.0491129	0.0491859	5.83494e-05
	39	0.0492244	0.0491869	5.68616e-05
	40	0.0494115	0.0491925	5.57167e-05
	41	0.0486636	0.0491796	5.58311e-05
	42	0.0492046	0.0491802	5.45049e-05
	43	0.0487561	0.0491703	5.41225e-05
	44	0.0487328	0.0491604	5.37982e-05
	45	0.0492592	0.0491626	5.26475e-05
	46	0.0490116	0.0491593	5.16053e-05
	47	0.0492038	0.0491603	5.0516e-05
	48	0.0484449	0.0491453	5.16148e-05
	49	0.0488949	0.0491402	5.08139e-05
	50	0.0496897	0.0491512	5.09722e-05
	51	0.0491517	0.0491512	4.99727e-05
	52	0.049091	0.0491501	4.90252e-05
	53	0.0497924	0.0491622	4.95754e-05
	54	0.0499135	0.0491761	5.05721e-05
	55	0.049648	0.0491847	5.03751e-05
	56	0.0496074	0.0491922	5.00378e-05
	57	0.0493259	0.0491946	4.92149e-05
	58	0.0492637	0.0491958	4.83808e-05
	59	0.0487141	0.0491876	4.82447e-05
	60	0.0488735	0.0491824	4.77238e-05
	61	0.0494557	0.0491869	4.71513e-05
	62	0.0491948	0.049187	4.6391e-05
	63	0.049578	0.0491932	4.6068e-05
	64	0.049242	0.049194	4.53545e-05
	65	0.0494655	0.0491981	4.48487e-05
	66	0.0490066	0.0491952	4.4263e-05
	67	0.0494233	0.0491986	4.37331e-05
	68	0.0487023	0.0491913	4.36947e-05
	69	0.0490467	0.0491892	4.31118e-05
	70	0.0489092	0.0491852	4.26811e-05
	71	0.0491409	0.0491846	4.20845e-05
	72	0.0497877	0.049193	4.23253e-05
	73	0.049168	0.0491926	4.17469e-05
	74	0.0479489	0.0491758	4.44374e-05
	75	0.0490847	0.0491746	4.38615e-05
	76	0.0491306	0.049174	4.32882e-05
	77	0.0487711	0.0491688	4.30412e-05
	78	0.0491806	0.049169	4.24896e-05
	79	0.0481968	0.0491567	4.36977e-05
	80	0.0497031	0.0491635	4.3682e-05
	81	0.048487	0.0491551	4.3934e-05
	82	0.0494301	0.0491585	4.3526e-05
	83	0.0494315	0.0491618	4.31257e-05
	84	0.0494157	0.0491648	4.27181e-05
	85	0.0490354	0.0491633	4.22426e-05
	86	0.0489075	0.0491603	4.1856e-05
	87	0.0485672	0.0491535	4.19264e-05
	88	0.0488878	0.0491505	4.15585e-05
	89	0.0490888	0.0491498	4.10973e-05
	90	0.0489707	0.0491478	4.06888e-05
	91	0.0496009	0.0491528	4.05452e-05
	92	0.049705	0.0491588	4.05463e-05
	93	0.0492459	0.0491597	4.01212e-05
	94	0.0486863	0.0491547	4.00092e-05
	95	0.0488907	0.0491519	3.96844e-05
	96	0.048477	0.0491449	3.98887e-05
	97	0.0488697	0.049142	3.95783e-05
	98	0.0489369	0.0491399	3.92297e-05
	99	0.049473	0.0491433	3.89775e-05
	100	0.0496648	0.0491485	3.89351e-05
