	1	-7.55414	-7.55414	0
	2	-7.54255	-7.54834	0.00409681
	3	-7.55571	-7.5508	0.00338903
	4	-7.54904	-7.55036	0.00257
	5	-7.54845	-7.54998	0.00208433
	6	-7.54433	-7.54904	0.00193764
	7	-7.54454	-7.54839	0.00176425
	8	-7.54135	-7.54751	0.00174946
	9	-7.54868	-7.54764	0.00155988
	10	-7.54674	-7.54755	0.0014065
	11	-7.54935	-7.54772	0.00128812
	12	-7.55493	-7.54832	0.00131342
	13	-7.54643	-7.54817	0.00122035
	14	-7.54043	-7.54762	0.00125217
	15	-7.54037	-7.54714	0.00125847
	16	-7.54881	-7.54724	0.00118414
	17	-7.54233	-7.54695	0.00114918
	18	-7.53836	-7.54648	0.00118036
	19	-7.53427	-7.54583	0.00128127
	20	-7.55139	-7.54611	0.00124696
	21	-7.54505	-7.54606	0.0011886
	22	-7.55499	-7.54647	0.00120181
	23	-7.55182	-7.5467	0.00117189
	24	-7.54753	-7.54673	0.00112358
	25	-7.54988	-7.54686	0.00108568
	26	-7.54632	-7.54684	0.00104412
	27	-7.54993	-7.54695	0.00101169
	28	-7.54415	-7.54685	0.000980512
	29	-7.55189	-7.54703	0.000961943
	30	-7.55864	-7.54741	0.00100477
	31	-7.54538	-7.54735	0.000974491
	32	-7.55423	-7.54756	0.00096745
	33	-7.54312	-7.54743	0.000947452
	34	-7.53856	-7.54717	0.000954802
	35	-7.55224	-7.54731	0.000938457
	36	-7.54098	-7.54714	0.000928734
	37	-7.55256	-7.54728	0.000915109
	38	-7.54751	-7.54729	0.000891047
	39	-7.53814	-7.54705	0.000898524
	40	-7.54283	-7.54695	0.000882256
	41	-7.54406	-7.54688	0.000863547
	42	-7.54599	-7.54686	0.000843245
	43	-7.54645	-7.54685	0.000823689
	44	-7.53857	-7.54666	0.000826183
	45	-7.54941	-7.54672	0.000810081
	46	-7.55669	-7.54694	0.000820947
	47	-7.53707	-7.54673	0.000829901
	48	-7.55033	-7.5468	0.000816006
	49	-7.53851	-7.54663	0.000816733
	50	-7.55059	-7.54671	0.000804232
	51	-7.54663	-7.54671	0.000788464
	52	-7.54367	-7.54665	0.000775465
	53	-7.54412	-7.5466	0.00076231
	54	-7.54648	-7.5466	0.000748197
	55	-7.53852	-7.54646	0.00074889
	56	-7.5355	-7.54626	0.000760631
	57	-7.55233	-7.54637	0.000754709
	58	-7.54125	-7.54628	0.000746825
	59	-7.53812	-7.54614	0.000746858
	60	-7.54873	-7.54618	0.000735654
	61	-7.54319	-7.54613	0.00072523
	62	-7.55368	-7.54626	0.000723673
	63	-7.54253	-7.5462	0.000714604
	64	-7.54528	-7.54618	0.000703581
	65	-7.53441	-7.546	0.000715672
	66	-7.54092	-7.54592	0.00070896
	67	-7.54403	-7.5459	0.000698942
	68	-7.54674	-7.54591	0.000688773
	69	-7.54469	-7.54589	0.000679019
	70	-7.54818	-7.54592	0.000670106
	71	-7.55627	-7.54607	0.000676332
	72	-7.55068	-7.54613	0.00066996
	73	-7.54422	-7.54611	0.000661298
	74	-7.55012	-7.54616	0.000654582
	75	-7.53347	-7.54599	0.00066737
	76	-7.54602	-7.54599	0.000658589
	77	-7.55779	-7.54615	0.000667629
	78	-7.56068	-7.54633	0.000684593
	79	-7.54805	-7.54635	0.000676271
	80	-7.54873	-7.54638	0.000668467
	81	-7.54231	-7.54633	0.000662106
	82	-7.54185	-7.54628	0.000656286
	83	-7.55339	-7.54636	0.000653955
	84	-7.54427	-7.54634	0.000646647
	85	-7.54243	-7.54629	0.000640674
	86	-7.54542	-7.54628	0.000633305
	87	-7.54144	-7.54623	0.000628469
	88	-7.54932	-7.54626	0.000622312
	89	-7.54504	-7.54625	0.000615471
	90	-7.5454	-7.54624	0.000608704
	91	-7.5468	-7.54625	0.000602046
	92	-7.54879	-7.54627	0.000596138
	93	-7.54279	-7.54624	0.000590905
	94	-7.54789	-7.54625	0.00058488
	95	-7.54811	-7.54627	0.00057905
	96	-7.54554	-7.54627	0.000573069
	97	-7.54071	-7.54621	0.000570013
	98	-7.54575	-7.5462	0.000564216
	99	-7.54912	-7.54623	0.000559284
	100	-7.54724	-7.54624	0.000553781
