	1	7.55108	7.55108	0
	2	7.61533	7.5832	0.0227153
	3	7.54315	7.56985	0.0186589
	4	7.58026	7.57246	0.0141744
	5	7.58448	7.57486	0.0115417
	6	7.60622	7.58009	0.0107364
	7	7.60347	7.58343	0.00970839
	8	7.62131	7.58816	0.00958038
	9	7.58105	7.58737	0.00854839
	10	7.59148	7.58778	0.00770342
	11	7.57682	7.58679	0.00706729
	12	7.54793	7.58355	0.00718183
	13	7.59456	7.5844	0.00667914
	14	7.62586	7.58736	0.00682715
	15	7.62665	7.58998	0.00685608
	16	7.58	7.58935	0.0064559
	17	7.61657	7.59096	0.00627157
	18	7.63804	7.59357	0.00644552
	19	7.66128	7.59713	0.00702257
	20	7.56755	7.59566	0.00682541
	21	7.60181	7.59595	0.00650668
	22	7.54828	7.59378	0.00656171
	23	7.56594	7.59257	0.00638713
	24	7.58776	7.59237	0.00612415
	25	7.57644	7.59173	0.00591224
	26	7.59609	7.5919	0.00568722
	27	7.57529	7.59129	0.00550976
	28	7.60792	7.59188	0.00534491
	29	7.56422	7.59093	0.00524502
	30	7.52606	7.58876	0.00549785
	31	7.60076	7.58915	0.00533409
	32	7.5518	7.58798	0.0052936
	33	7.61323	7.58875	0.0051882
	34	7.63705	7.59017	0.00522653
	35	7.56454	7.58944	0.00512824
	36	7.62636	7.59046	0.0050873
	37	7.5642	7.58975	0.00499906
	38	7.59041	7.58977	0.00486754
	39	7.64252	7.59112	0.00492709
	40	7.61419	7.5917	0.00483755
	41	7.6085	7.59211	0.0047369
	42	7.59767	7.59224	0.00462596
	43	7.59533	7.59231	0.00451894
	44	7.63716	7.59333	0.0045297
	45	7.58109	7.59306	0.00443721
	46	7.53864	7.59188	0.00449572
	47	7.64515	7.59301	0.00454071
	48	7.57365	7.59261	0.00446399
	49	7.638	7.59353	0.00446798
	50	7.56975	7.59306	0.00440386
	51	7.59109	7.59302	0.00431768
	52	7.60968	7.59334	0.00424652
	53	7.60551	7.59357	0.00417259
	54	7.59305	7.59356	0.00409534
	55	7.63819	7.59437	0.00410048
	56	7.65578	7.59547	0.00417132
	57	7.56037	7.59485	0.00414333
	58	7.62169	7.59531	0.00409765
	59	7.64175	7.5961	0.00410309
	60	7.58185	7.59586	0.00404157
	61	7.61122	7.59612	0.00398315
	62	7.55545	7.59546	0.00397254
	63	7.61642	7.59579	0.00392339
	64	7.60058	7.59587	0.0038628
	65	7.66176	7.59688	0.00393415
	66	7.62226	7.59727	0.0038933
	67	7.60562	7.59739	0.00383719
	68	7.59109	7.5973	0.00378187
	69	7.6039	7.59739	0.00372827
	70	7.58451	7.59721	0.00367955
	71	7.53961	7.5964	0.00371607
	72	7.5715	7.59605	0.00368051
	73	7.60871	7.59623	0.00363417
	74	7.57372	7.59592	0.00359776
	75	7.66643	7.59686	0.00367056
	76	7.59604	7.59685	0.00362228
	77	7.53076	7.59599	0.00367551
	78	7.5163	7.59497	0.00376774
	79	7.5846	7.59484	0.00372233
	80	7.58187	7.59468	0.00367933
	81	7.61635	7.59495	0.00364363
	82	7.61969	7.59525	0.00361167
	83	7.55366	7.59475	0.00360274
	84	7.60628	7.59488	0.00356247
	85	7.61625	7.59513	0.00352941
	86	7.59795	7.59517	0.00348853
	87	7.61909	7.59544	0.00345925
	88	7.57737	7.59524	0.00342603
	89	7.60196	7.59531	0.00338836
	90	7.60029	7.59537	0.00335117
	91	7.59206	7.59533	0.00331454
	92	7.58269	7.59519	0.00328136
	93	7.61559	7.59541	0.0032534
	94	7.58595	7.59531	0.00322034
	95	7.58541	7.59521	0.00318813
	96	7.59748	7.59523	0.00315501
	97	7.6256	7.59555	0.00313798
	98	7.59917	7.59558	0.00310618
	99	7.5807	7.59543	0.00307844
	100	7.58745	7.59535	0.00304869
