	1	-0.394289	-0.394289	0
	2	-0.418793	-0.406541	0.00866346
	3	-0.393592	-0.402225	0.00676608
	4	-0.408415	-0.403772	0.00524855
	5	-0.420007	-0.407019	0.00510539
	6	-0.39397	-0.404844	0.00469496
	7	-0.412738	-0.405972	0.00415748
	8	-0.395932	-0.404717	0.00382251
	9	-0.41426	-0.405777	0.0035418
	10	-0.395309	-0.40473	0.00333874
	11	-0.392668	-0.403634	0.00321025
	12	-0.404373	-0.403696	0.00294332
	13	-0.423801	-0.405242	0.00309667
	14	-0.399929	-0.404863	0.00289865
	15	-0.416797	-0.405658	0.00281247
	16	-0.395986	-0.405054	0.00270088
	17	-0.386293	-0.40395	0.00275825
	18	-0.365574	-0.401818	0.00332851
	19	-0.453969	-0.404563	0.00413287
	20	-0.438466	-0.406258	0.00425972
	21	-0.41121	-0.406494	0.00406339
	22	-0.423228	-0.407254	0.00394925
	23	-0.408663	-0.407316	0.00377802
	24	-0.431066	-0.408305	0.00374797
	25	-0.403853	-0.408127	0.00360228
	26	-0.429582	-0.408952	0.00355699
	27	-0.432495	-0.409824	0.0035305
	28	-0.393937	-0.409257	0.00344971
	29	-0.427538	-0.409887	0.00338786
	30	-0.405616	-0.409745	0.00327792
	31	-0.421307	-0.410118	0.00319333
	32	-0.413579	-0.410226	0.00309537
	33	-0.388622	-0.409571	0.00307002
	34	-0.409882	-0.409581	0.00297974
	35	-0.398592	-0.409267	0.0029111
	36	-0.391097	-0.408762	0.00287365
	37	-0.385847	-0.408143	0.00286195
	38	-0.403644	-0.408024	0.00278908
	39	-0.403539	-0.407909	0.00271994
	40	-0.392343	-0.40752	0.00267963
	41	-0.447033	-0.408484	0.00278218
	42	-0.428168	-0.408952	0.00275513
	43	-0.417815	-0.409159	0.00269876
	44	-0.392999	-0.408791	0.00266229
	45	-0.398082	-0.408553	0.00261374
	46	-0.417611	-0.40875	0.00256433
	47	-0.431993	-0.409245	0.00255701
	48	-0.428655	-0.409649	0.00253551
	49	-0.421357	-0.409888	0.002495
	50	-0.385673	-0.409404	0.00249166
	51	-0.401366	-0.409246	0.00244778
	52	-0.385787	-0.408795	0.00244193
	53	-0.381125	-0.408273	0.00245103
	54	-0.405244	-0.408217	0.00240628
	55	-0.410904	-0.408266	0.00236303
	56	-0.406943	-0.408242	0.00232095
	57	-0.406476	-0.408211	0.00228044
	58	-0.399992	-0.408069	0.00224552
	59	-0.424736	-0.408352	0.00222515
	60	-0.415104	-0.408464	0.00219091
	61	-0.428227	-0.408788	0.00217882
	62	-0.418033	-0.408937	0.00214877
	63	-0.404192	-0.408862	0.00211598
	64	-0.428071	-0.409162	0.0021041
	65	-0.420673	-0.409339	0.00207917
	66	-0.387262	-0.409005	0.0020744
	67	-0.389117	-0.408708	0.00206457
	68	-0.402612	-0.408618	0.00203615
	69	-0.402873	-0.408535	0.00200834
	70	-0.429848	-0.40884	0.0020026
	71	-0.428528	-0.409117	0.0019935
	72	-0.415941	-0.409212	0.00196806
	73	-0.414671	-0.409286	0.00194252
	74	-0.45666	-0.409927	0.00201901
	75	-0.432919	-0.410233	0.00201523
	76	-0.417047	-0.410323	0.00199071
	77	-0.419551	-0.410443	0.00196846
	78	-0.392298	-0.41021	0.00195692
	79	-0.437205	-0.410552	0.00196175
	80	-0.422177	-0.410697	0.00194261
	81	-0.413888	-0.410736	0.00191902
	82	-0.392624	-0.410516	0.00190829
	83	-0.428742	-0.410735	0.00189789
	84	-0.407299	-0.410694	0.00187574
	85	-0.433751	-0.410966	0.00187318
	86	-0.39423	-0.410771	0.00186148
	87	-0.416183	-0.410833	0.00184112
	88	-0.411247	-0.410838	0.00182021
	89	-0.430632	-0.41106	0.00181329
	90	-0.398729	-0.410923	0.00179831
	91	-0.418432	-0.411006	0.00178045
	92	-0.391771	-0.410797	0.00177333
	93	-0.41283	-0.410819	0.00175439
	94	-0.41996	-0.410916	0.00173842
	95	-0.413315	-0.410941	0.00172031
	96	-0.41685	-0.411003	0.00170349
	97	-0.419311	-0.411088	0.00168808
	98	-0.400167	-0.410977	0.00167453
	99	-0.409104	-0.410958	0.00165772
	100	-0.400788	-0.410856	0.00164426
