	1	-5.45646	-5.45646	0
	2	-5.44295	-5.44971	0.0047753
	3	-5.47355	-5.45765	0.00722817
	4	-5.46497	-5.45948	0.00564813
	5	-5.45298	-5.45818	0.00466572
	6	-5.46143	-5.45872	0.00391941
	7	-5.47031	-5.46038	0.00369264
	8	-5.46262	-5.46066	0.00324169
	9	-5.46722	-5.46139	0.00296238
	10	-5.4489	-5.46014	0.00291775
	11	-5.47646	-5.46162	0.00300604
	12	-5.47022	-5.46234	0.00283963
	13	-5.45913	-5.46209	0.00263192
	14	-5.47122	-5.46275	0.0025233
	15	-5.46215	-5.46271	0.00235539
	16	-5.463	-5.46272	0.00220825
	17	-5.454	-5.46221	0.00213709
	18	-5.46794	-5.46253	0.00204192
	19	-5.47454	-5.46316	0.00202997
	20	-5.46893	-5.46345	0.00194886
	21	-5.47082	-5.4638	0.00188743
	22	-5.46885	-5.46403	0.00181552
	23	-5.46095	-5.4639	0.0017415
	24	-5.46751	-5.46405	0.00167544
	25	-5.45962	-5.46387	0.00161777
	26	-5.46114	-5.46376	0.00155894
	27	-5.4643	-5.46378	0.00150133
	28	-5.44848	-5.46324	0.00154396
	29	-5.46154	-5.46318	0.00149183
	30	-5.47341	-5.46352	0.00148057
	31	-5.45229	-5.46316	0.0014765
	32	-5.46172	-5.46311	0.00143104
	33	-5.46499	-5.46317	0.0013888
	34	-5.45782	-5.46301	0.00135683
	35	-5.47558	-5.46337	0.00136478
	36	-5.47078	-5.46358	0.0013423
	37	-5.46683	-5.46367	0.00130889
	38	-5.46555	-5.46372	0.00127539
	39	-5.46412	-5.46373	0.00124273
	40	-5.46532	-5.46377	0.0012123
	41	-5.46912	-5.4639	0.00118974
	42	-5.47422	-5.46414	0.00118653
	43	-5.47193	-5.46432	0.00117268
	44	-5.46145	-5.46426	0.00114785
	45	-5.47311	-5.46445	0.00113909
	46	-5.46388	-5.46444	0.00111439
	47	-5.47103	-5.46458	0.00109945
	48	-5.47253	-5.46475	0.00108894
	49	-5.44921	-5.46443	0.00111191
	50	-5.45938	-5.46433	0.00109425
	51	-5.46168	-5.46428	0.00107403
	52	-5.44664	-5.46394	0.00110562
	53	-5.4591	-5.46385	0.00108852
	54	-5.45835	-5.46375	0.00107312
	55	-5.45116	-5.46352	0.00107774
	56	-5.45622	-5.46339	0.00106634
	57	-5.46263	-5.46337	0.00104772
	58	-5.46804	-5.46345	0.00103274
	59	-5.47129	-5.46359	0.00102375
	60	-5.45635	-5.46347	0.00101376
	61	-5.46364	-5.46347	0.000997146
	62	-5.4557	-5.46334	0.00098891
	63	-5.45544	-5.46322	0.000981138
	64	-5.4607	-5.46318	0.000966596
	65	-5.46297	-5.46318	0.00095173
	66	-5.45493	-5.46305	0.000945471
	67	-5.4664	-5.4631	0.000932679
	68	-5.46791	-5.46317	0.000921638
	69	-5.45807	-5.4631	0.000911246
	70	-5.46779	-5.46316	0.000900692
	71	-5.47732	-5.46336	0.000909821
	72	-5.46212	-5.46335	0.000897348
	73	-5.4637	-5.46335	0.000885069
	74	-5.47106	-5.46346	0.000879223
	75	-5.4561	-5.46336	0.000872946
	76	-5.47416	-5.4635	0.000872966
	77	-5.46731	-5.46355	0.000863029
	78	-5.47665	-5.46372	0.000868165
	79	-5.47009	-5.4638	0.000860914
	80	-5.46453	-5.46381	0.0008502
	81	-5.46434	-5.46381	0.00083973
	82	-5.46889	-5.46388	0.000831769
	83	-5.45843	-5.46381	0.000824329
	84	-5.46962	-5.46388	0.000817411
	85	-5.45325	-5.46375	0.000817309
	86	-5.4571	-5.46368	0.00081146
	87	-5.45489	-5.46358	0.000808394
	88	-5.46369	-5.46358	0.000799209
	89	-5.46336	-5.46357	0.000790232
	90	-5.45476	-5.46348	0.000787503
	91	-5.48023	-5.46366	0.000800075
	92	-5.46867	-5.46371	0.000793231
	93	-5.45549	-5.46363	0.000789615
	94	-5.47048	-5.4637	0.00078457
	95	-5.47145	-5.46378	0.000780547
	96	-5.45666	-5.46371	0.000775933
	97	-5.45627	-5.46363	0.000771715
	98	-5.46073	-5.4636	0.000764407
	99	-5.47145	-5.46368	0.000760785
	100	-5.45243	-5.46357	0.000761455
