1	1.422118e+00	1.422118e+00	0.000000e+00
2	1.422094e+00	1.422106e+00	8.585293e-06
3	1.422141e+00	1.422118e+00	1.113342e-05
4	1.422101e+00	1.422114e+00	9.099169e-06
5	1.422068e+00	1.422105e+00	1.087089e-05
6	1.422049e+00	1.422095e+00	1.242903e-05
7	1.422101e+00	1.422096e+00	1.068322e-05
8	1.422110e+00	1.422098e+00	9.491586e-06
9	1.422099e+00	1.422098e+00	8.437298e-06
10	1.422127e+00	1.422101e+00	8.069262e-06
11	1.422173e+00	1.422107e+00	9.623988e-06
12	1.422103e+00	1.422107e+00	8.827572e-06
13	1.422129e+00	1.422109e+00	8.312150e-06
14	1.422109e+00	1.422109e+00	7.718438e-06
15	1.422101e+00	1.422108e+00	7.221792e-06
16	1.422133e+00	1.422110e+00	6.928511e-06
17	1.422109e+00	1.422110e+00	6.521305e-06
18	1.422060e+00	1.422107e+00	6.715359e-06
19	1.421977e+00	1.422100e+00	9.200585e-06
20	1.422131e+00	1.422102e+00	8.871401e-06
21	1.422078e+00	1.422100e+00	8.521395e-06
22	1.422079e+00	1.422100e+00	8.189151e-06
23	1.422068e+00	1.422098e+00	7.943542e-06
24	1.422104e+00	1.422098e+00	7.615778e-06
25	1.422094e+00	1.422098e+00	7.312996e-06
26	1.422160e+00	1.422101e+00	7.404851e-06
27	1.422059e+00	1.422099e+00	7.287411e-06
28	1.422065e+00	1.422098e+00	7.127516e-06
29	1.422069e+00	1.422097e+00	6.950075e-06
30	1.422074e+00	1.422096e+00	6.759270e-06
