           1   0.0505348   0.0505348           0
           2   0.0502091   0.0503719 0.000115154
           3   0.0505657   0.0504365  9.3145e-05
           4     0.05021   0.0503799 8.53601e-05
           5   0.0510798   0.0505199  0.00014262
           6   0.0511297   0.0506215 0.000150778
           7   0.0502995   0.0505755 0.000136077
           8   0.0501539   0.0505228 0.000128868
           9   0.0503152   0.0504997 0.000116595
          10   0.0505332   0.0505031 0.000104983
          11   0.0507601   0.0505265 9.80051e-05
          12    0.050146   0.0504948 9.48265e-05
          13   0.0502789   0.0504782 8.89739e-05
          14   0.0511059    0.050523 9.32351e-05
          15   0.0506402   0.0505308 8.73461e-05
          16   0.0501788   0.0505088 8.46125e-05
          17   0.0495812   0.0504542 9.56245e-05
          18   0.0502794   0.0504445 9.08043e-05
          19   0.0509136   0.0504692 8.93179e-05
          20   0.0500583   0.0504487 8.71825e-05
          21   0.0499174   0.0504234 8.66243e-05
          22   0.0499633   0.0504025 8.51732e-05
          23   0.0505419   0.0504085 8.16855e-05
          24   0.0507116   0.0504211 7.92519e-05
          25   0.0510108   0.0504447 7.95142e-05
          26   0.0496203    0.050413 8.25373e-05
          27   0.0512473   0.0504439 8.50675e-05
          28   0.0501284   0.0504327 8.27725e-05
          29    0.050331   0.0504291 7.99926e-05
          30   0.0508311   0.0504425 7.84403e-05
