           1     1.21722     1.21722           0
           2     1.20955     1.21339   0.0027111
           3     1.21323     1.21334   0.0018079
           4     1.22011     1.21503  0.00199675
           5     1.26117     1.22426  0.00840671
           6     1.22612     1.22457  0.00701136
           7     1.21515     1.22322  0.00613739
           8     1.21076     1.22166  0.00556426
           9     1.21428     1.22084   0.0050061
          10     1.21537      1.2203  0.00453536
          11     1.21909     1.22019  0.00412437
          12      1.2105     1.21938  0.00385891
          13     1.21001     1.21866  0.00362881
          14     1.21934     1.21871  0.00336993
          15     1.22667     1.21924  0.00318682
          16      1.2003     1.21805   0.0031999
          17      1.2011     1.21706  0.00316322
          18     1.23044      1.2178  0.00307368
          19     1.24828     1.21941  0.00330418
          20     1.21543     1.21921  0.00314494
          21     1.21453     1.21898  0.00300306
          22     1.20501     1.21835  0.00293292
          23     1.22622     1.21869   0.0028253
          24     1.22315     1.21888  0.00271369
          25     1.21777     1.21883   0.0026055
          26     1.20267     1.21821  0.00257835
          27      1.2251     1.21847  0.00249546
          28     1.21125     1.21821  0.00241963
          29     1.21554     1.21812  0.00233794
          30     1.22337     1.21829  0.00226655
