           1   -0.403715   -0.403715           0
           2   -0.392237   -0.397976  0.00405806
           3   -0.397705   -0.397885  0.00270638
           4   -0.408057   -0.400428  0.00299499
           5   -0.469682   -0.414279    0.012618
           6   -0.417138   -0.414756    0.010524
           7   -0.400627   -0.412737  0.00921207
           8   -0.394037     -0.4104  0.00835187
           9   -0.399326   -0.409169  0.00751397
          10   -0.400924   -0.408345  0.00680766
          11   -0.406468   -0.408174  0.00619092
          12   -0.393644   -0.406963  0.00579222
          13    -0.39288    -0.40588  0.00544702
          14   -0.406894   -0.405952  0.00505843
          15   -0.417906   -0.406749  0.00478357
          16   -0.378319   -0.404972   0.0048033
          17   -0.379546   -0.403477   0.0047479
          18   -0.423607   -0.404595  0.00461397
          19   -0.450448   -0.407008  0.00496229
          20   -0.401013   -0.406709  0.00472322
          21   -0.399717   -0.406376  0.00451002
          22   -0.385443   -0.405424  0.00440425
          23   -0.417264   -0.405939  0.00424274
          24   -0.412625   -0.406218  0.00407509
          25   -0.404565   -0.406151  0.00391263
          26   -0.381851   -0.405217  0.00387216
          27   -0.415598   -0.405601  0.00374778
          28   -0.394804   -0.405216  0.00363372
          29    -0.40124   -0.405079    0.003511
          30   -0.412973   -0.405342  0.00340382
