           1     1.82583     1.82583           0
           2     1.81433     1.82008  0.00406664
           3     1.81985        1.82  0.00271186
           4     1.83016     1.82254  0.00299512
           5     1.89175     1.83638   0.0126101
           6     1.83919     1.83685    0.010517
           7     1.82273     1.83483  0.00920609
           8     1.81615      1.8325  0.00834639
           9     1.82142     1.83127  0.00750915
          10     1.82305     1.83045  0.00680303
          11     1.82864     1.83028  0.00618656
          12     1.81575     1.82907  0.00578836
          13     1.81501     1.82799  0.00544321
          14       1.829     1.82806   0.0050549
          15     1.84001     1.82886  0.00478023
          16     1.80045     1.82708  0.00479985
          17     1.80165     1.82559  0.00474483
          18     1.84567      1.8267  0.00461052
          19     1.87243     1.82911  0.00495627
          20     1.82314     1.82881  0.00471742
          21     1.82179     1.82848  0.00450459
          22     1.80752     1.82752  0.00439938
          23     1.83933     1.82804  0.00423796
          24     1.83473     1.82832  0.00407054
          25     1.82666     1.82825  0.00390825
          26     1.80401     1.82732  0.00386753
          27     1.83766      1.8277   0.0037432
          28     1.81687     1.82731  0.00362944
          29     1.82331     1.82718  0.00350692
          30     1.83505     1.82744  0.00339982
