           1      1.1071      1.1071           0
           2     1.12276     1.11493  0.00553673
           3     1.09057     1.10681  0.00759027
           4     1.06908     1.09738  0.00995626
           5     1.11452     1.10081  0.00853508
           6     1.10376      1.1013   0.0071267
           7     1.09006     1.09969  0.00628692
           8     1.13535     1.10415  0.00690252
           9     1.11853     1.10575  0.00631771
          10     1.11985     1.10716  0.00584124
          11      1.1023     1.10672  0.00532688
          12     1.13163     1.10879  0.00527188
          13     1.09758     1.10793  0.00493645
          14     1.10341     1.10761  0.00459439
          15     1.09852       1.107  0.00432785
          16      1.0969     1.10637  0.00410312
          17     1.11347     1.10679  0.00388294
          18     1.08569     1.10562  0.00384002
          19     1.09702     1.10516  0.00366446
          20     1.11417     1.10561  0.00350879
          21     1.10193     1.10544  0.00334609
          22     1.07296     1.10396  0.00350449
          23     1.10429     1.10398  0.00335215
          24     1.13567      1.1053   0.0034629
          25     1.09806     1.10501  0.00333646
          26     1.09946     1.10479  0.00321496
          27     1.06995      1.1035  0.00334484
          28     1.10583     1.10359  0.00322642
          29      1.0955     1.10331   0.0031272
          30     1.11668     1.10375  0.00305454
          31     1.09614     1.10351  0.00296586
          32     1.10724     1.10363  0.00287547
          33     1.10356     1.10362  0.00278833
          34     1.09518     1.10337  0.00271736
          35     1.11212     1.10362  0.00265118
          36     1.07484     1.10283   0.0026954
          37     1.12525     1.10343  0.00268982
          38     1.09914     1.10332  0.00262141
          39     1.08795     1.10292  0.00258363
          40     1.11136     1.10314  0.00252763
          41     1.09528     1.10294  0.00247322
          42     1.11426     1.10321  0.00242897
          43     1.10061     1.10315  0.00237324
          44     1.13175      1.1038  0.00240665
          45     1.07879     1.10325  0.00241652
          46     1.09754     1.10312  0.00236717
          47     1.11055     1.10328  0.00232207
          48     1.10871     1.10339  0.00227644
          49     1.11809     1.10369  0.00224967
          50     1.12285     1.10408  0.00223707
