           1     2.13116     2.13116           0
           2     2.12285       2.127  0.00294043
           3     2.23121     2.16174   0.0284288
           4     2.38515     2.21759   0.0528609
           5     2.13545     2.20116   0.0447686
           6      2.0491     2.17582   0.0438988
           7     2.27639     2.19019   0.0399092
           8     1.98396     2.16441   0.0424372
           9     2.05975     2.15278   0.0392829
          10     2.15026     2.15253   0.0353555
          11     2.17816     2.15486    0.032218
          12     1.97367     2.13976   0.0328816
          13     2.14445     2.14012   0.0303543
          14     2.02682     2.13203   0.0292451
          15     2.25001     2.13989   0.0283335
          16     2.16808     2.14165   0.0266173
          17     2.12623     2.14075    0.025067
          18     2.29332     2.14922   0.0250665
          19     2.22048     2.15297   0.0240262
          20     2.19466     2.15506   0.0229151
          21     2.17101     2.15582   0.0218365
          22     2.28168     2.16154   0.0215803
          23     2.27921     2.16665   0.0212398
          24      1.9849     2.15908   0.0216629
          25     2.23875     2.16227   0.0210295
          26     2.29602     2.16741   0.0208404
          27     2.56588     2.18217   0.0247484
          28     2.07048     2.17818   0.0241838
          29     2.17916     2.17821   0.0233499
          30     2.08691     2.17517   0.0227691
          31     2.28662     2.17877   0.0223166
          32     2.08921     2.17597    0.021794
          33     2.14842     2.17513   0.0211496
          34     2.18942     2.17555   0.0205317
          35     2.12787     2.17419   0.0199902
          36     2.36131     2.17939   0.0200993
          37     2.10563      2.1774   0.0196547
          38     2.07002     2.17457   0.0193395
          39     2.29347     2.17762   0.0190824
          40     2.11374     2.17602    0.018672
          41     2.24685     2.17775   0.0182964
          42     2.13088     2.17663   0.0178947
          43     2.16577     2.17638   0.0174803
          44     2.00405     2.17246   0.0175164
          45     2.36953     2.17684   0.0176661
          46     2.20695      2.1775   0.0172941
          47     2.16899     2.17732   0.0169271
          48     2.16983     2.17716   0.0165752
          49     2.01847     2.17392   0.0165503
          50      1.9832     2.17011   0.0166531
