           1	-5.433790e+00	-5.433790e+00	0.000000e+00
           2	-5.432388e+00	-5.433089e+00	4.957058e-04
           3	-5.432936e+00	-5.433038e+00	3.330714e-04
           4	-5.433102e+00	-5.433054e+00	2.501891e-04
           5	-5.432409e+00	-5.432925e+00	2.310155e-04
           6	-5.432288e+00	-5.432819e+00	2.155154e-04
           7	-5.431887e+00	-5.432686e+00	2.220414e-04
           8	-5.433198e+00	-5.432750e+00	2.032968e-04
           9	-5.433013e+00	-5.432779e+00	1.827968e-04
          10	-5.432697e+00	-5.432771e+00	1.647028e-04
          11	-5.433249e+00	-5.432814e+00	1.553723e-04
          12	-5.432770e+00	-5.432811e+00	1.424690e-04
          13	-5.432866e+00	-5.432815e+00	1.315741e-04
          14	-5.433608e+00	-5.432871e+00	1.338169e-04
          15	-5.433540e+00	-5.432916e+00	1.320999e-04
          16	-5.433226e+00	-5.432935e+00	1.252579e-04
          17	-5.432058e+00	-5.432884e+00	1.280845e-04
          18	-5.432547e+00	-5.432865e+00	1.223301e-04
          19	-5.433274e+00	-5.432887e+00	1.177695e-04
          20	-5.432609e+00	-5.432873e+00	1.126956e-04
          21	-5.432666e+00	-5.432863e+00	1.077579e-04
          22	-5.433430e+00	-5.432889e+00	1.058980e-04
          23	-5.432913e+00	-5.432890e+00	1.012989e-04
          24	-5.432044e+00	-5.432854e+00	1.030297e-04
          25	-5.432792e+00	-5.432852e+00	9.893867e-05
          26	-5.432718e+00	-5.432847e+00	9.526798e-05
          27	-5.433206e+00	-5.432860e+00	9.266457e-05
          28	-5.432393e+00	-5.432843e+00	9.084499e-05
          29	-5.432471e+00	-5.432831e+00	8.861509e-05
          30	-5.433368e+00	-5.432848e+00	8.745300e-05
          31	-5.430956e+00	-5.432787e+00	1.037741e-04
          32	-5.431864e+00	-5.432759e+00	1.044701e-04
          33	-5.433881e+00	-5.432793e+00	1.066998e-04
          34	-5.433025e+00	-5.432799e+00	1.037798e-04
          35	-5.432687e+00	-5.432796e+00	1.008640e-04
          36	-5.432029e+00	-5.432775e+00	1.002886e-04
          37	-5.431973e+00	-5.432753e+00	9.989146e-05
          38	-5.431858e+00	-5.432730e+00	1.000036e-04
          39	-5.433216e+00	-5.432742e+00	9.821432e-05
          40	-5.433398e+00	-5.432759e+00	9.711835e-05
          41	-5.433212e+00	-5.432770e+00	9.537735e-05
          42	-5.432838e+00	-5.432771e+00	9.312040e-05
          43	-5.433201e+00	-5.432781e+00	9.148890e-05
          44	-5.432425e+00	-5.432773e+00	8.976751e-05
          45	-5.433504e+00	-5.432789e+00	8.922815e-05
          46	-5.434059e+00	-5.432817e+00	9.145869e-05
          47	-5.433011e+00	-5.432821e+00	8.960601e-05
          48	-5.432899e+00	-5.432823e+00	8.775404e-05
          49	-5.433526e+00	-5.432837e+00	8.712852e-05
          50	-5.433078e+00	-5.432842e+00	8.551869e-05
