           1    -3.36358    -3.36358           0
           2    -3.36508    -3.36433 0.000528568
           3    -3.36214     -3.3636 0.000692846
           4    -3.36094    -3.36293 0.000775627
           5     -3.3629    -3.36293  0.00062053
           6    -3.36362    -3.36304 0.000527678
           7    -3.36228    -3.36293 0.000463379
           8     -3.3636    -3.36302 0.000412907
           9    -3.36426    -3.36316  0.00038929
          10    -3.36217    -3.36306 0.000362726
          11    -3.36412    -3.36315 0.000342368
          12     -3.3653    -3.36333 0.000357539
          13     -3.3648    -3.36344 0.000347309
          14    -3.36503    -3.36356 0.000340357
          15    -3.36268     -3.3635   0.0003227
          16    -3.36112    -3.36335 0.000334907
          17    -3.36295    -3.36333  0.00031603
          18    -3.36252    -3.36328 0.000301618
          19    -3.36396    -3.36332 0.000287869
          20    -3.36333    -3.36332 0.000273476
          21    -3.36402    -3.36335 0.000262477
          22    -3.36411    -3.36339 0.000252791
          23    -3.36445    -3.36343 0.000246029
          24    -3.36282    -3.36341 0.000237079
          25    -3.36384    -3.36342 0.000228224
          26    -3.36244    -3.36339 0.000222542
          27    -3.36239    -3.36335 0.000217316
          28    -3.36292    -3.36333 0.000210087
          29    -3.36286    -3.36332 0.000203476
          30    -3.36351    -3.36332 0.000196795
          31    -3.36119    -3.36326  0.00020209
          32    -3.36438    -3.36329  0.00019883
          33    -3.36409    -3.36332 0.000194273
          34    -3.36396    -3.36333 0.000189472
          35    -3.36258    -3.36331 0.000185292
          36    -3.36319    -3.36331 0.000180178
          37    -3.36492    -3.36335 0.000180463
          38    -3.36442    -3.36338 0.000177879
          39    -3.36374    -3.36339 0.000173555
          40    -3.36257    -3.36337 0.000170424
          41    -3.36287    -3.36336 0.000166707
          42     -3.3634    -3.36336 0.000162741
          43    -3.36284    -3.36335 0.000159406
          44    -3.36504    -3.36338 0.000160341
          45    -3.36347    -3.36339 0.000156789
          46    -3.36316    -3.36338  0.00015346
          47    -3.36493    -3.36341 0.000153693
          48     -3.3612    -3.36337 0.000157238
          49    -3.36195    -3.36334  0.00015666
          50    -3.36378    -3.36335  0.00015377
