1	52.9117
2	46.7872
3	41.4131
4	37.4242
5	34.904
6	31.9533
7	27.5566
8	24.0714
9	22.2835
10	21.5543
11	19.4362
12	17.7375
13	16.8053
14	15.271
15	14.1727
16	13.1518
17	11.8481
18	10.531
19	9.70173
20	9.85371
21	9.75862
22	9.03005
23	8.33708
24	8.1786
25	8.06722
26	8.37233
27	7.84206
28	7.84741
29	7.68726
30	7.46949
31	6.38063
32	6.187
33	6.13073
34	5.87686
35	5.41803
36	5.14351
37	4.53691
38	4.49849
39	4.30187
40	4.09559
41	3.96214
42	3.76051
43	3.59423
44	3.40857
45	3.26991
46	3.22003
47	3.19581
48	3.13849
49	3.10678
50	3.09847
51	3.09636
52	2.98355
53	2.88422
54	2.78811
55	2.7146
56	2.71983
57	2.66285
58	2.58206
59	2.53292
60	2.52432
61	2.51321
62	2.58608
63	2.54823
64	2.53048
65	2.59105
66	2.61064
67	2.58394
68	2.50476
69	2.50895
70	2.50093
71	2.53156
72	2.51644
73	2.475
74	2.46733
75	2.44275
76	2.44496
77	2.41501
78	2.42444
79	2.45883
80	2.44391
81	2.44776
82	2.49614
83	2.44273
84	2.40647
85	2.3993
86	2.39853
87	2.40534
88	2.40989
89	2.40506
90	2.39382
91	2.40513
92	2.40793
93	2.39432
94	2.404
95	2.39523
96	2.42877
97	2.41704
98	2.46255
99	2.40561
100	2.39248
101	2.4063
102	2.39717
103	2.39725
104	2.39389
105	2.40035
106	2.39454
107	2.39924
108	2.44522
109	2.39774
110	2.39831
111	2.40977
112	2.41978
113	2.39262
114	2.44975
115	2.46435
116	2.47279
117	2.40313
118	2.40905
119	2.39548
120	2.39689
121	2.44359
122	2.41057
123	2.40506
124	2.42838
125	2.43329
126	2.39749
127	2.39248
128	2.39248
129	2.39287
130	2.39379
131	2.39248
132	2.39248
133	2.39305
134	2.39417
135	2.44862
136	2.39662
137	2.39663
138	2.39363
139	2.43493
140	2.39671
141	2.39437
142	2.46713
143	2.3976
144	2.40248
145	2.39248
146	2.39248
147	2.40201
148	2.40897
149	2.42926
150	2.40212
151	2.40183
152	2.41858
153	2.50857
154	2.48043
155	2.54438
156	2.45758
157	2.43297
158	2.39527
159	2.45596
160	2.4405
161	2.47981
162	2.43256
163	2.5033
164	2.41383
165	2.49558
166	2.59024
167	2.40024
168	2.44116
169	2.46913
170	2.39248
171	2.40292
172	2.45846
173	2.4349
174	2.3984
175	2.41867
176	2.39248
177	2.39248
178	2.39248
179	2.39248
180	2.39481
181	2.40382
182	2.45098
183	2.42486
184	2.41363
185	2.40986
186	2.39286
187	2.39423
188	2.40328
189	2.39381
190	2.39248
191	2.39331
192	2.39713
193	2.41268
194	2.4147
195	2.39277
196	2.49723
197	2.59337
198	2.39602
199	2.4017
200	2.39262
201	2.3964
202	2.46825
203	2.41086
204	2.39296
205	2.39248
206	2.40043
207	2.39263
208	2.39338
209	2.39773
210	2.39771
211	2.49449
212	2.39473
213	2.41123
214	2.42688
215	2.45527
216	2.53451
217	2.41085
218	2.42138
219	2.39692
220	2.39878
221	2.39363
222	2.39248
223	2.39855
224	2.41394
225	2.40148
226	2.53904
227	2.4078
228	2.39631
229	2.43051
230	2.40644
231	2.45364
232	2.39732
233	2.41262
234	2.45797
235	2.43466
236	2.51041
237	2.67361
238	2.53752
239	2.41771
240	2.41399
241	2.44902
242	2.39745
243	2.40407
244	2.43315
245	2.40366
246	2.39608
247	2.40636
248	2.41611
249	2.48028
250	2.50074
251	2.43249
252	2.39888
253	2.4354
254	2.45264
255	2.39248
256	2.46613
257	2.41059
258	2.39335
259	2.40563
260	2.44742
261	2.42939
262	2.43908
263	2.4154
264	2.3979
265	2.39981
266	2.39248
267	2.39248
268	2.39248
269	2.39248
270	2.39248
271	2.39248
272	2.39248
273	2.41315
274	2.39262
275	2.39326
276	2.44172
277	2.49242
278	2.47212
279	2.45759
280	2.44435
281	2.40583
282	2.3973
283	2.49501
284	2.41753
285	2.39248
286	2.41815
287	2.4461
288	2.43021
289	2.4252
290	2.47172
291	2.433
292	2.39598
293	2.44142
294	2.43184
295	2.39248
296	2.41892
297	2.42553
298	2.40648
299	2.4138
300	2.42578
301	2.39472
302	2.39492
303	2.39813
304	2.4107
305	2.40451
306	2.40143
307	2.44691
308	2.4187
309	2.41326
310	2.39931
311	2.39976
312	2.39627
313	2.39482
314	2.39599
315	2.39434
316	2.40643
317	2.4182
318	2.40194
319	2.41692
320	2.44776
321	2.43459
322	2.3958
323	2.40588
324	2.40561
325	2.42099
326	2.41815
327	2.44616
328	2.41219
329	2.42725
330	2.48792
331	2.39255
332	2.39248
333	2.39336
334	2.39666
335	2.40038
336	2.39248
337	2.39248
338	2.41041
339	2.39248
340	2.39248
341	2.39248
342	2.40153
343	2.45282
344	2.41424
345	2.39408
346	2.40277
347	2.39284
348	2.45147
349	2.46106
350	2.46024
351	2.45718
352	2.41184
353	2.40329
354	2.47086
355	2.39855
356	2.39744
357	2.41191
358	2.39526
359	2.4568
360	2.52063
361	2.44076
362	2.4689
363	2.44821
364	2.39248
365	2.39248
366	2.39547
367	2.40994
368	2.46361
369	2.40601
370	2.40374
371	2.39352
372	2.39958
373	2.39584
374	2.39962
375	2.39574
376	2.39574
377	2.4052
378	2.39479
379	2.40969
380	2.39248
381	2.39732
382	2.3927
383	2.39445
384	2.456
385	2.39274
386	2.47523
387	2.39447
388	2.394
389	2.41483
390	2.39602
391	2.40893
392	2.44003
393	2.44841
394	2.40095
395	2.40513
396	2.42259
397	2.41013
398	2.42732
399	2.42269
400	2.45338
401	2.45414
402	2.41605
403	2.41646
404	2.41354
405	2.40991
406	2.40261
407	2.3958
408	2.40191
409	2.39469
410	2.48805
411	2.41365
412	2.43898
413	2.41098
414	2.43325
415	2.39462
416	2.40688
417	2.39603
418	2.39572
419	2.40171
420	2.43318
421	2.39958
422	2.39248
423	2.39269
424	2.39248
425	2.41451
426	2.40072
427	2.39864
428	2.43729
429	2.39261
430	2.39746
431	2.39423
432	2.39248
433	2.40194
434	2.47165
435	2.49472
436	2.45755
437	2.39425
438	2.39248
439	2.39292
440	2.39248
441	2.39248
442	2.43981
443	2.44407
444	2.40231
445	2.41967
446	2.39451
447	2.42418
448	2.39891
449	2.42432
450	2.42275
451	2.39306
452	2.40464
453	2.39296
454	2.39322
455	2.39422
456	2.39711
457	2.43188
458	2.39659
459	2.42419
460	2.44544
461	2.42795
462	2.39512
463	2.39248
464	2.39248
465	2.39251
466	2.39958
467	2.39794
468	2.39248
469	2.44296
470	2.42883
471	2.46984
472	2.39611
473	2.40115
474	2.39545
475	2.39492
476	2.40262
477	2.39248
478	2.3961
479	2.40722
480	2.54497
481	2.45281
482	2.4012
483	2.4169
484	2.46128
485	2.41146
486	2.39691
487	2.39398
488	2.41297
489	2.39354
490	2.41781
491	2.40415
492	2.40532
493	2.45458
494	2.42425
495	2.40562
496	2.39652
497	2.42152
498	2.44345
499	2.40028
500	2.3931
