0
29551.4
6190.69
5533.15
4304.67
3423.29
2801.29
2349
2008.68
1744.09
1533.24
1363.04
1222.81
1105.51
1006.52
921.869
848.697
785.037
729.278
680.073
636.37
597.281
562.094
530.348
501.581
475.384
451.465
429.587
409.501
390.977
373.856
358.002
343.273
329.559
316.785
304.86
293.703
283.237
273.414
264.169
255.453
247.232
239.463
232.109
225.149
218.545
212.278
206.323
200.654
195.251
190.097
185.171
180.464
175.964
171.66
167.54
163.593
159.809
156.177
152.688
149.334
146.11
143.007
140.017
137.135
134.357
131.675
129.087
126.589
124.176
121.844
119.59
117.409
115.296
113.252
111.271
109.35
107.488
105.682
103.929
102.228
100.576
98.9707
97.4114
95.8961
94.4232
92.9908
91.5975
90.2415
88.9211
87.6352
86.3819
85.1606
83.9703
82.8098
81.6775
80.5729
79.4951
78.4435
77.4171
76.4142
75.4343
74.4771
73.5408
72.6253
71.7304
70.8555
70
69.1633
68.3448
67.5437
66.7596
65.992
65.2404
64.5045
63.7838
63.0778
62.3858
61.7076
61.0428
60.391
59.7519
59.1253
58.5107
57.9078
57.3161
56.7354
56.1656
55.6061
55.0568
54.5171
53.9872
53.4667
52.9554
52.453
51.959
51.4735
50.9963
50.5274
50.0664
49.6131
49.1675
48.7292
48.2981
47.874
47.4567
47.0461
46.6421
46.2446
45.8532
45.468
45.0887
44.7153
44.3476
43.9856
43.629
43.2778
42.9319
42.5909
42.255
41.924
41.5978
41.2764
40.9595
40.6472
40.3393
40.0357
39.7364
39.4413
39.1502
38.8632
38.5801
38.3009
38.0254
37.7537
37.4855
37.221
36.9599
36.7023
36.448
36.197
35.9492
35.7046
35.4632
35.2248
34.9894
34.757
34.5275
34.3008
34.0768
33.8555
33.6369
33.421
33.2077
32.9969
32.7886
32.5829
32.3795
32.1786
31.98
31.7837
31.5896
31.3978
31.2082
31.0208
30.8355
30.6522
30.471
30.2919
30.1147
29.9395
29.7662
29.5949
29.4253
29.2577
29.0918
28.9277
28.7653
28.6047
28.4458
28.2885
28.1329
27.9789
27.8266
27.6757
27.5265
27.3787
27.2325
27.0878
26.9445
26.8026
26.6622
26.5231
26.3855
26.2492
26.1142
25.9806
25.8482
25.7172
25.5874
25.4588
25.3315
25.2054
25.0805
24.9567
24.8341
24.7127
24.5924
24.4732
24.3552
24.2382
24.1222
24.0074
23.8936
23.7808
23.669
23.5582
23.4484
23.3396
23.2318
23.1249
23.0189
22.9139
22.8098
22.7066
22.6043
22.5028
22.4023
22.3026
22.2037
22.1057
22.0085
21.9122
21.8166
21.7218
21.6279
21.5347
21.4422
21.3506
21.2597
21.1695
21.08
20.9913
20.9033
20.816
20.7294
20.6435
20.5583
20.4737
20.3898
20.3066
20.224
20.1421
20.0608
19.9801
19.9001
19.8207
19.7419
19.6636
19.586
19.509
19.4325
19.3566
19.2813
19.2066
19.1324
19.0587
18.9856
18.9131
18.8411
18.7696
18.6986
18.6281
18.5582
18.4887
18.4198
18.3514
18.2834
18.2159
18.1489
18.0824
18.0163
17.9507
17.8856
17.8209
17.7567
17.6929
17.6295
17.5666
17.5042
17.4421
17.3805
17.3193
17.2585
17.1981
17.1382
17.0786
17.0194
16.9607
16.9023
16.8443
16.7866
16.7294
16.6725
16.616
16.5599
16.5041
16.4487
16.3937
16.339
16.2846
16.2306
16.177
16.1236
16.0707
16.018
15.9657
15.9138
15.8621
15.8108
15.7598
15.7091
15.6587
15.6087
15.5589
15.5095
15.4604
15.4115
15.363
15.3148
15.2668
15.2192
15.1718
15.1247
15.0779
15.0314
14.9852
14.9392
14.8935
14.8481
14.803
14.7581
14.7135
14.6691
14.625
14.5812
14.5376
14.4943
14.4512
14.4083
14.3658
14.3234
14.2813
14.2395
14.1978
14.1564
14.1153
14.0744
14.0337
13.9932
13.953
13.913
13.8732
13.8336
13.7943
13.7552
13.7163
13.6776
13.6391
13.6008
13.5627
13.5249
13.4872
13.4498
13.4125
13.3755
13.3386
13.302
13.2655
13.2293
13.1932
13.1573
13.1216
13.0861
13.0508
13.0157
12.9808
12.946
12.9114
12.877
12.8428
12.8088
12.7749
12.7412
12.7077
12.6743
12.6411
12.6081
12.5752
12.5425
12.51
12.4776
12.4454
12.4133
12.3814
12.3497
12.3181
12.2867
12.2554
12.2243
12.1933
12.1625
12.1319
12.1013
12.071
12.0408
12.0107
11.9808
11.951
11.9213
11.8919
11.8625
11.8333
11.8042
11.7753
11.7465
11.7179
11.6894
11.661
11.6327
11.6046
11.5766
11.5488
11.5211
11.4935
11.466
11.4387
11.4115
11.3844
11.3575
11.3306
11.3039
11.2774
11.2509
11.2246
11.1983
11.1722
11.1463
11.1204
11.0946
11.069
11.0435
11.0181
10.9928
10.9676
10.9426
10.9176
10.8928
10.8681
10.8435
