           1     1.66066     1.66066           0
           2     1.68415      1.6724  0.00830509
           3     1.63585     1.66022   0.0113854
           4     1.60363     1.64607   0.0149344
           5     1.67179     1.65121   0.0128026
           6     1.65564     1.65195   0.0106901
           7     1.63509     1.64954  0.00943037
           8     1.70303     1.65623   0.0103538
           9     1.67779     1.65862  0.00947656
          10     1.67978     1.66074  0.00876187
          11     1.65345     1.66008  0.00799032
          12     1.69744     1.66319  0.00790783
          13     1.64637      1.6619  0.00740467
          14     1.65512     1.66141  0.00689158
          15     1.64778      1.6605  0.00649177
          16     1.64536     1.65956  0.00615468
          17      1.6702     1.66018  0.00582442
          18     1.62854     1.65843  0.00576003
          19     1.64553     1.65775   0.0054967
          20     1.67125     1.65842  0.00526319
          21     1.65289     1.65816  0.00501914
          22     1.60945     1.65594  0.00525673
          23     1.65643     1.65597  0.00502822
          24     1.70351     1.65795  0.00519435
          25     1.64709     1.65751   0.0050047
          26     1.64919     1.65719  0.00482243
          27     1.60493     1.65526  0.00501726
          28     1.65875     1.65538  0.00483962
          29     1.64324     1.65496   0.0046908
          30     1.67501     1.65563  0.00458181
          31     1.64421     1.65526  0.00444879
          32     1.66086     1.65544   0.0043132
          33     1.65534     1.65543   0.0041825
          34     1.64277     1.65506  0.00407604
          35     1.66818     1.65544  0.00397678
          36     1.61226     1.65424   0.0040431
          37     1.68787     1.65515  0.00403474
          38     1.64871     1.65498  0.00393211
          39     1.63193     1.65439  0.00387544
          40     1.66704      1.6547  0.00379144
          41     1.64293     1.65442  0.00370983
          42     1.67139     1.65482  0.00364346
          43     1.65091     1.65473  0.00355986
          44     1.69763      1.6557  0.00360998
          45     1.61818     1.65487  0.00362477
          46     1.64631     1.65468  0.00355075
          47     1.66582     1.65492   0.0034831
          48     1.66307     1.65509  0.00341467
          49     1.67714     1.65554   0.0033745
          50     1.68428     1.65612  0.00335561
