           1    -5.02424    -5.02424           0
           2    -5.04922    -5.03673  0.00883366
           3    -4.99799    -5.02382    0.012078
           4    -4.96457      -5.009   0.0157041
           5    -5.03469    -5.01414   0.0133771
           6    -5.01925    -5.01499   0.0111747
           7    -4.99737    -5.01248  0.00985781
           8    -5.06663    -5.01925   0.0107003
           9    -5.04205    -5.02178  0.00980674
          10    -5.04194     -5.0238  0.00903103
          11    -5.01757    -5.02323  0.00822772
          12    -5.06274    -5.02652  0.00817432
          13    -5.01116    -5.02534  0.00763044
          14    -5.02014    -5.02497  0.00709444
          15    -5.01046      -5.024  0.00668712
          16    -5.00648    -5.02291   0.0063582
          17    -5.03315    -5.02351  0.00601269
          18    -4.99106    -5.02171  0.00594275
          19     -5.0095    -5.02106  0.00566461
          20    -5.03458    -5.02174  0.00542155
          21    -5.01691    -5.02151  0.00516825
          22    -4.97356    -5.01933  0.00537337
          23    -5.02088     -5.0194  0.00514017
          24    -5.06634    -5.02135  0.00528499
          25    -5.01093    -5.02094  0.00509002
          26    -5.01163    -5.02058  0.00490681
          27    -4.96732    -5.01861  0.00510613
          28    -5.02167    -5.01872  0.00492494
          29    -5.00611    -5.01828  0.00477427
          30    -5.03853    -5.01896  0.00466257
          31    -5.00541    -5.01852   0.0045326
          32    -5.02525    -5.01873  0.00439583
          33    -5.01943    -5.01875  0.00426268
          34    -5.00673     -5.0184  0.00415195
          35    -5.03076    -5.01875  0.00404831
          36    -4.97545    -5.01755  0.00411065
          37    -5.05279     -5.0185  0.00410842
          38    -5.01313    -5.01836  0.00400273
          39    -4.99567    -5.01778  0.00394215
          40    -5.02961    -5.01807  0.00385468
          41    -5.00579    -5.01777  0.00377228
          42    -5.03479    -5.01818  0.00370415
          43    -5.01375    -5.01808  0.00361944
          44    -5.06266    -5.01909  0.00367629
          45    -4.98165    -5.01826  0.00368752
          46    -5.00947    -5.01807   0.0036123
          47    -5.03075    -5.01834  0.00354552
          48    -5.02427    -5.01846  0.00347381
          49    -5.03909    -5.01888  0.00342834
          50    -5.04806    -5.01946  0.00340908
