1	-5.592157e-01	-5.592157e-01	0.000000e+00
2	-6.674510e-01	-6.133333e-01	5.411765e-02
3	-6.800000e-01	-6.355556e-01	3.834145e-02
4	-7.223529e-01	-6.572549e-01	3.472600e-02
5	-7.600000e-01	-6.778039e-01	3.384966e-02
6	-7.600000e-01	-6.915033e-01	3.084701e-02
7	-7.600000e-01	-7.012885e-01	2.784639e-02
8	-7.803922e-01	-7.111765e-01	2.606411e-02
9	-8.400000e-01	-7.254902e-01	2.707871e-02
10	-8.400000e-01	-7.369412e-01	2.679049e-02
11	-8.400000e-01	-7.463102e-01	2.598099e-02
12	-8.400000e-01	-7.541176e-01	2.496931e-02
13	-8.400000e-01	-7.607240e-01	2.389963e-02
14	-8.400000e-01	-7.663866e-01	2.283984e-02
15	-8.400000e-01	-7.712941e-01	2.182173e-02
16	-8.400000e-01	-7.755882e-01	2.085914e-02
17	-8.400000e-01	-7.793772e-01	1.995673e-02
18	-8.400000e-01	-7.827451e-01	1.911444e-02
19	-8.400000e-01	-7.857585e-01	1.832985e-02
20	-8.807843e-01	-7.905098e-01	1.802664e-02
21	-9.200000e-01	-7.966760e-01	1.822178e-02
22	-9.200000e-01	-8.022816e-01	1.825573e-02
23	-9.200000e-01	-8.073998e-01	1.817931e-02
24	-9.200000e-01	-8.120915e-01	1.802660e-02
25	-9.200000e-01	-8.164078e-01	1.782113e-02
26	-9.200000e-01	-8.203922e-01	1.757945e-02
27	-9.200000e-01	-8.240813e-01	1.731345e-02
28	-9.200000e-01	-8.275070e-01	1.703172e-02
29	-9.200000e-01	-8.306964e-01	1.674056e-02
30	-9.200000e-01	-8.336732e-01	1.644459e-02
31	-9.200000e-01	-8.364579e-01	1.614722e-02
32	-9.200000e-01	-8.390686e-01	1.585095e-02
33	-9.200000e-01	-8.415211e-01	1.555763e-02
34	-9.200000e-01	-8.438293e-01	1.526859e-02
35	-9.200000e-01	-8.460056e-01	1.498481e-02
36	-9.200000e-01	-8.480610e-01	1.470695e-02
37	-9.200000e-01	-8.500053e-01	1.443548e-02
38	-9.200000e-01	-8.518473e-01	1.417069e-02
39	-9.200000e-01	-8.535948e-01	1.391274e-02
40	-9.200000e-01	-8.552549e-01	1.366170e-02
41	-9.200000e-01	-8.568341e-01	1.341758e-02
42	-9.200000e-01	-8.583380e-01	1.318030e-02
43	-9.200000e-01	-8.597720e-01	1.294978e-02
44	-9.200000e-01	-8.611408e-01	1.272587e-02
45	-9.200000e-01	-8.624488e-01	1.250843e-02
46	-9.200000e-01	-8.636999e-01	1.229730e-02
47	-9.200000e-01	-8.648978e-01	1.209229e-02
48	-9.200000e-01	-8.660458e-01	1.189322e-02
49	-9.200000e-01	-8.671469e-01	1.169990e-02
50	-9.200000e-01	-8.682039e-01	1.151214e-02
51	-9.200000e-01	-8.692195e-01	1.132977e-02
52	-9.200000e-01	-8.701961e-01	1.115259e-02
53	-9.200000e-01	-8.711358e-01	1.098042e-02
54	-9.200000e-01	-8.720407e-01	1.081309e-02
55	-9.200000e-01	-8.729127e-01	1.065043e-02
56	-9.200000e-01	-8.737535e-01	1.049226e-02
57	-9.200000e-01	-8.745648e-01	1.033843e-02
58	-9.200000e-01	-8.753482e-01	1.018877e-02
59	-9.200000e-01	-8.761050e-01	1.004315e-02
60	-9.200000e-01	-8.768366e-01	9.901409e-03
61	-9.200000e-01	-8.775442e-01	9.763413e-03
62	-9.200000e-01	-8.782290e-01	9.629028e-03
63	-9.200000e-01	-8.788920e-01	9.498124e-03
64	-9.200000e-01	-8.795343e-01	9.370577e-03
65	-9.200000e-01	-8.801569e-01	9.246270e-03
66	-9.200000e-01	-8.807605e-01	9.125088e-03
67	-9.200000e-01	-8.813462e-01	9.006922e-03
68	-9.200000e-01	-8.819146e-01	8.891667e-03
69	-9.200000e-01	-8.824666e-01	8.779223e-03
70	-9.200000e-01	-8.830028e-01	8.669494e-03
71	-9.200000e-01	-8.835239e-01	8.562387e-03
72	-9.200000e-01	-8.840305e-01	8.457814e-03
73	-9.200000e-01	-8.845232e-01	8.355690e-03
74	-9.200000e-01	-8.850026e-01	8.255933e-03
75	-9.200000e-01	-8.854693e-01	8.158466e-03
76	-9.200000e-01	-8.859236e-01	8.063213e-03
77	-9.200000e-01	-8.863662e-01	7.970103e-03
78	-9.200000e-01	-8.867974e-01	7.879067e-03
79	-9.200000e-01	-8.872177e-01	7.790038e-03
80	-9.200000e-01	-8.876275e-01	7.702954e-03
81	-9.200000e-01	-8.880271e-01	7.617753e-03
82	-9.200000e-01	-8.884170e-01	7.534376e-03
83	-9.200000e-01	-8.887975e-01	7.452767e-03
84	-9.200000e-01	-8.891690e-01	7.372872e-03
85	-9.200000e-01	-8.895317e-01	7.294640e-03
86	-9.200000e-01	-8.898860e-01	7.218019e-03
87	-9.200000e-01	-8.902321e-01	7.142963e-03
88	-9.200000e-01	-8.905704e-01	7.069424e-03
89	-9.200000e-01	-8.909011e-01	6.997358e-03
90	-9.200000e-01	-8.912244e-01	6.926723e-03
91	-9.200000e-01	-8.915406e-01	6.857477e-03
92	-9.200000e-01	-8.918500e-01	6.789580e-03
93	-9.200000e-01	-8.921526e-01	6.722995e-03
94	-9.294118e-01	-8.925490e-01	6.662890e-03
95	-1.000000e+00	-8.936801e-01	6.688706e-03
96	-1.000000e+00	-8.947876e-01	6.710684e-03
97	-1.000000e+00	-8.958722e-01	6.729135e-03
98	-1.000000e+00	-8.969348e-01	6.744340e-03
99	-1.000000e+00	-8.979758e-01	6.756554e-03
100	-1.000000e+00	-8.989961e-01	6.766010e-03
101	-1.000000e+00	-8.999961e-01	6.772921e-03
102	-1.000000e+00	-9.009765e-01	6.777480e-03
103	-1.000000e+00	-9.019379e-01	6.779866e-03
104	-1.000000e+00	-9.028808e-01	6.780242e-03
105	-1.000000e+00	-9.038058e-01	6.778758e-03
106	-1.000000e+00	-9.047133e-01	6.775551e-03
107	-1.000000e+00	-9.056038e-01	6.770749e-03
108	-1.000000e+00	-9.064779e-01	6.764469e-03
109	-1.000000e+00	-9.073359e-01	6.756819e-03
110	-1.000000e+00	-9.081783e-01	6.747900e-03
111	-1.000000e+00	-9.090055e-01	6.737805e-03
112	-1.000000e+00	-9.098179e-01	6.726620e-03
113	-1.000000e+00	-9.106160e-01	6.714425e-03
114	-1.000000e+00	-9.114001e-01	6.701293e-03
115	-1.000000e+00	-9.121705e-01	6.687294e-03
116	-1.000000e+00	-9.129277e-01	6.672492e-03
117	-1.000000e+00	-9.136719e-01	6.656946e-03
118	-1.000000e+00	-9.144035e-01	6.640712e-03
119	-1.000000e+00	-9.151228e-01	6.623842e-03
120	-1.000000e+00	-9.158301e-01	6.606385e-03
121	-1.000000e+00	-9.165257e-01	6.588385e-03
122	-1.000000e+00	-9.172099e-01	6.569884e-03
123	-1.000000e+00	-9.178830e-01	6.550922e-03
124	-1.000000e+00	-9.185452e-01	6.531536e-03
125	-1.000000e+00	-9.191969e-01	6.511760e-03
126	-1.000000e+00	-9.198382e-01	6.491627e-03
127	-1.000000e+00	-9.204694e-01	6.471166e-03
128	-1.000000e+00	-9.210907e-01	6.450405e-03
129	-1.000000e+00	-9.217024e-01	6.429372e-03
130	-1.000000e+00	-9.223047e-01	6.408091e-03
131	-1.000000e+00	-9.228978e-01	6.386584e-03
132	-1.000000e+00	-9.234819e-01	6.364875e-03
133	-1.000000e+00	-9.240572e-01	6.342983e-03
134	-1.000000e+00	-9.246239e-01	6.320928e-03
135	-1.000000e+00	-9.251823e-01	6.298727e-03
136	-1.000000e+00	-9.257324e-01	6.276397e-03
137	-1.000000e+00	-9.262745e-01	6.253955e-03
138	-1.000000e+00	-9.268088e-01	6.231414e-03
139	-1.000000e+00	-9.273353e-01	6.208790e-03
140	-9.749020e-01	-9.276751e-01	6.173638e-03
141	-1.000000e+00	-9.281880e-01	6.151122e-03
142	-1.000000e+00	-9.286937e-01	6.128552e-03
143	-1.000000e+00	-9.291924e-01	6.105939e-03
144	-1.000000e+00	-9.296841e-01	6.083294e-03
145	-1.000000e+00	-9.301690e-01	6.060627e-03
146	-1.000000e+00	-9.306473e-01	6.037946e-03
147	-1.000000e+00	-9.311191e-01	6.015261e-03
148	-1.000000e+00	-9.315845e-01	5.992580e-03
149	-1.000000e+00	-9.320437e-01	5.969909e-03
150	-1.000000e+00	-9.324967e-01	5.947257e-03
151	-1.000000e+00	-9.329438e-01	5.924630e-03
152	-1.000000e+00	-9.333849e-01	5.902033e-03
153	-1.000000e+00	-9.338203e-01	5.879474e-03
154	-1.000000e+00	-9.342501e-01	5.856958e-03
155	-1.000000e+00	-9.346743e-01	5.834489e-03
156	-1.000000e+00	-9.350930e-01	5.812073e-03
157	-9.780392e-01	-9.353666e-01	5.781410e-03
158	-9.200000e-01	-9.352693e-01	5.745525e-03
159	-9.200000e-01	-9.351733e-01	5.710083e-03
160	-9.200000e-01	-9.350784e-01	5.675075e-03
161	-9.200000e-01	-9.349848e-01	5.640494e-03
162	-9.200000e-01	-9.348923e-01	5.606331e-03
163	-9.200000e-01	-9.348009e-01	5.572579e-03
164	-9.200000e-01	-9.347107e-01	5.539231e-03
165	-9.200000e-01	-9.346215e-01	5.506279e-03
166	-9.200000e-01	-9.345334e-01	5.473717e-03
167	-9.200000e-01	-9.344464e-01	5.441538e-03
168	-9.200000e-01	-9.343604e-01	5.409734e-03
169	-8.980392e-01	-9.341455e-01	5.381921e-03
170	-8.400000e-01	-9.335917e-01	5.378755e-03
171	-8.400000e-01	-9.330444e-01	5.375145e-03
172	-8.400000e-01	-9.325034e-01	5.371114e-03
173	-8.400000e-01	-9.319687e-01	5.366680e-03
174	-8.400000e-01	-9.314402e-01	5.361864e-03
175	-8.400000e-01	-9.309176e-01	5.356681e-03
176	-8.400000e-01	-9.304011e-01	5.351151e-03
177	-8.400000e-01	-9.298903e-01	5.345289e-03
178	-8.400000e-01	-9.293853e-01	5.339111e-03
179	-8.400000e-01	-9.288860e-01	5.332632e-03
180	-8.400000e-01	-9.283922e-01	5.325866e-03
181	-8.400000e-01	-9.279038e-01	5.318827e-03
182	-8.400000e-01	-9.274208e-01	5.311527e-03
183	-8.400000e-01	-9.269431e-01	5.303979e-03
184	-8.400000e-01	-9.264706e-01	5.296195e-03
185	-8.400000e-01	-9.260032e-01	5.288186e-03
186	-8.400000e-01	-9.255408e-01	5.279963e-03
187	-8.400000e-01	-9.250834e-01	5.271536e-03
188	-8.400000e-01	-9.246308e-01	5.262916e-03
189	-8.400000e-01	-9.241830e-01	5.254112e-03
190	-8.400000e-01	-9.237399e-01	5.245133e-03
191	-8.400000e-01	-9.233015e-01	5.235987e-03
192	-8.400000e-01	-9.228676e-01	5.226683e-03
193	-8.400000e-01	-9.224383e-01	5.217229e-03
194	-8.400000e-01	-9.220133e-01	5.207633e-03
195	-8.400000e-01	-9.215928e-01	5.197902e-03
196	-8.400000e-01	-9.211765e-01	5.188042e-03
197	-8.462745e-01	-9.207963e-01	5.175625e-03
198	-9.200000e-01	-9.207922e-01	5.149420e-03
199	-9.200000e-01	-9.207883e-01	5.123480e-03
200	-9.200000e-01	-9.207843e-01	5.097800e-03
201	-9.200000e-01	-9.207804e-01	5.072376e-03
202	-9.200000e-01	-9.207765e-01	5.047204e-03
203	-9.200000e-01	-9.207727e-01	5.022281e-03
204	-9.200000e-01	-9.207689e-01	4.997602e-03
205	-9.200000e-01	-9.207652e-01	4.973166e-03
206	-9.200000e-01	-9.207615e-01	4.948967e-03
207	-9.200000e-01	-9.207578e-01	4.925002e-03
208	-9.200000e-01	-9.207541e-01	4.901268e-03
209	-9.200000e-01	-9.207505e-01	4.877762e-03
210	-9.200000e-01	-9.207470e-01	4.854480e-03
211	-9.200000e-01	-9.207434e-01	4.831420e-03
212	-9.200000e-01	-9.207399e-01	4.808577e-03
213	-8.901961e-01	-9.205965e-01	4.788096e-03
214	-8.400000e-01	-9.202199e-01	4.780528e-03
215	-8.400000e-01	-9.198468e-01	4.772848e-03
216	-8.400000e-01	-9.194771e-01	4.765060e-03
217	-8.400000e-01	-9.191109e-01	4.757170e-03
218	-8.400000e-01	-9.187480e-01	4.749183e-03
219	-8.400000e-01	-9.183884e-01	4.741103e-03
220	-8.400000e-01	-9.180321e-01	4.732935e-03
221	-8.400000e-01	-9.176790e-01	4.724682e-03
222	-8.400000e-01	-9.173291e-01	4.716349e-03
223	-8.400000e-01	-9.169823e-01	4.707940e-03
224	-8.400000e-01	-9.166387e-01	4.699458e-03
225	-8.400000e-01	-9.162980e-01	4.690908e-03
226	-8.400000e-01	-9.159604e-01	4.682292e-03
227	-8.400000e-01	-9.156258e-01	4.673615e-03
228	-8.400000e-01	-9.152941e-01	4.664879e-03
229	-8.400000e-01	-9.149653e-01	4.656087e-03
230	-8.400000e-01	-9.146394e-01	4.647243e-03
231	-8.400000e-01	-9.143163e-01	4.638349e-03
232	-8.400000e-01	-9.139959e-01	4.629409e-03
233	-8.400000e-01	-9.136784e-01	4.620424e-03
234	-8.400000e-01	-9.133635e-01	4.611399e-03
235	-8.400000e-01	-9.130513e-01	4.602334e-03
236	-8.400000e-01	-9.127418e-01	4.593233e-03
237	-8.400000e-01	-9.124348e-01	4.584098e-03
238	-8.400000e-01	-9.121305e-01	4.574931e-03
239	-8.400000e-01	-9.118287e-01	4.565734e-03
240	-8.400000e-01	-9.115294e-01	4.556510e-03
241	-8.400000e-01	-9.112326e-01	4.547261e-03
242	-8.400000e-01	-9.109383e-01	4.537988e-03
243	-8.650980e-01	-9.107496e-01	4.523210e-03
244	-9.200000e-01	-9.107875e-01	4.504793e-03
245	-9.200000e-01	-9.108251e-01	4.486526e-03
246	-9.200000e-01	-9.108624e-01	4.468407e-03
247	-9.200000e-01	-9.108994e-01	4.450433e-03
248	-9.200000e-01	-9.109361e-01	4.432604e-03
249	-9.200000e-01	-9.109725e-01	4.414916e-03
250	-9.200000e-01	-9.110086e-01	4.397369e-03
251	-9.200000e-01	-9.110444e-01	4.379961e-03
252	-9.200000e-01	-9.110800e-01	4.362691e-03
253	-9.200000e-01	-9.111152e-01	4.345556e-03
254	-9.200000e-01	-9.111502e-01	4.328555e-03
255	-9.200000e-01	-9.111849e-01	4.311686e-03
256	-9.200000e-01	-9.112194e-01	4.294949e-03
257	-9.200000e-01	-9.112535e-01	4.278341e-03
258	-9.200000e-01	-9.112874e-01	4.261860e-03
259	-9.200000e-01	-9.113211e-01	4.245507e-03
260	-9.200000e-01	-9.113544e-01	4.229278e-03
261	-9.200000e-01	-9.113876e-01	4.213173e-03
262	-9.200000e-01	-9.114204e-01	4.197190e-03
263	-9.200000e-01	-9.114531e-01	4.181328e-03
264	-9.200000e-01	-9.114854e-01	4.165585e-03
265	-9.200000e-01	-9.115176e-01	4.149961e-03
266	-9.200000e-01	-9.115495e-01	4.134453e-03
267	-9.200000e-01	-9.115811e-01	4.119061e-03
268	-9.200000e-01	-9.116125e-01	4.103782e-03
269	-9.200000e-01	-9.116437e-01	4.088617e-03
270	-9.200000e-01	-9.116747e-01	4.073564e-03
271	-9.200000e-01	-9.117054e-01	4.058620e-03
272	-9.200000e-01	-9.117359e-01	4.043786e-03
273	-9.200000e-01	-9.117661e-01	4.029061e-03
274	-9.200000e-01	-9.117962e-01	4.014441e-03
275	-9.200000e-01	-9.118260e-01	3.999928e-03
276	-9.200000e-01	-9.118556e-01	3.985519e-03
277	-9.200000e-01	-9.118850e-01	3.971214e-03
278	-9.200000e-01	-9.119142e-01	3.957011e-03
279	-9.200000e-01	-9.119432e-01	3.942909e-03
280	-9.200000e-01	-9.119720e-01	3.928907e-03
281	-9.200000e-01	-9.120006e-01	3.915005e-03
282	-9.200000e-01	-9.120289e-01	3.901200e-03
283	-9.200000e-01	-9.120571e-01	3.887493e-03
284	-9.200000e-01	-9.120851e-01	3.873881e-03
285	-9.200000e-01	-9.121128e-01	3.860364e-03
286	-9.200000e-01	-9.121404e-01	3.846942e-03
287	-9.200000e-01	-9.121678e-01	3.833612e-03
288	-9.200000e-01	-9.121950e-01	3.820375e-03
289	-9.200000e-01	-9.122220e-01	3.807228e-03
290	-9.200000e-01	-9.122488e-01	3.794172e-03
291	-9.200000e-01	-9.122755e-01	3.781205e-03
292	-9.200000e-01	-9.123019e-01	3.768326e-03
293	-9.200000e-01	-9.123282e-01	3.755535e-03
294	-9.200000e-01	-9.123543e-01	3.742830e-03
295	-9.200000e-01	-9.123802e-01	3.730211e-03
296	-9.200000e-01	-9.124059e-01	3.717677e-03
297	-9.200000e-01	-9.124315e-01	3.705226e-03
298	-9.200000e-01	-9.124569e-01	3.692859e-03
299	-9.200000e-01	-9.124821e-01	3.680574e-03
300	-9.200000e-01	-9.125072e-01	3.668371e-03
301	-9.200000e-01	-9.125321e-01	3.656248e-03
302	-9.200000e-01	-9.125568e-01	3.644205e-03
303	-9.200000e-01	-9.125814e-01	3.632241e-03
304	-9.200000e-01	-9.126058e-01	3.620355e-03
305	-9.200000e-01	-9.126300e-01	3.608547e-03
306	-9.200000e-01	-9.126541e-01	3.596816e-03
307	-9.200000e-01	-9.126780e-01	3.585161e-03
308	-9.200000e-01	-9.127018e-01	3.573581e-03
309	-9.200000e-01	-9.127254e-01	3.562075e-03
310	-9.200000e-01	-9.127489e-01	3.550643e-03
311	-9.200000e-01	-9.127722e-01	3.539285e-03
312	-9.200000e-01	-9.127954e-01	3.527999e-03
313	-9.200000e-01	-9.128184e-01	3.516785e-03
314	-9.200000e-01	-9.128413e-01	3.505641e-03
315	-9.200000e-01	-9.128640e-01	3.494569e-03
316	-9.200000e-01	-9.128866e-01	3.483565e-03
317	-9.200000e-01	-9.129090e-01	3.472631e-03
318	-9.200000e-01	-9.129313e-01	3.461766e-03
319	-9.200000e-01	-9.129535e-01	3.450968e-03
320	-9.200000e-01	-9.129755e-01	3.440237e-03
321	-9.200000e-01	-9.129974e-01	3.429573e-03
322	-9.200000e-01	-9.130191e-01	3.418975e-03
323	-9.200000e-01	-9.130407e-01	3.408442e-03
324	-9.200000e-01	-9.130622e-01	3.397974e-03
325	-9.200000e-01	-9.130836e-01	3.387569e-03
326	-9.200000e-01	-9.131048e-01	3.377229e-03
327	-9.200000e-01	-9.131259e-01	3.366951e-03
328	-9.200000e-01	-9.131468e-01	3.356736e-03
329	-9.200000e-01	-9.131677e-01	3.346582e-03
330	-9.200000e-01	-9.131884e-01	3.336490e-03
331	-9.200000e-01	-9.132089e-01	3.326458e-03
332	-9.200000e-01	-9.132294e-01	3.316487e-03
333	-9.200000e-01	-9.132497e-01	3.306575e-03
334	-9.200000e-01	-9.132699e-01	3.296722e-03
335	-9.200000e-01	-9.132900e-01	3.286927e-03
336	-9.200000e-01	-9.133100e-01	3.277191e-03
337	-9.200000e-01	-9.133298e-01	3.267512e-03
338	-9.200000e-01	-9.133496e-01	3.257891e-03
339	-9.200000e-01	-9.133692e-01	3.248325e-03
340	-9.200000e-01	-9.133887e-01	3.238816e-03
341	-9.200000e-01	-9.134081e-01	3.229362e-03
342	-9.200000e-01	-9.134274e-01	3.219964e-03
343	-9.200000e-01	-9.134465e-01	3.210619e-03
344	-9.200000e-01	-9.134656e-01	3.201329e-03
345	-9.200000e-01	-9.134845e-01	3.192093e-03
346	-9.200000e-01	-9.135033e-01	3.182909e-03
347	-9.200000e-01	-9.135221e-01	3.173779e-03
348	-9.200000e-01	-9.135407e-01	3.164700e-03
349	-9.200000e-01	-9.135592e-01	3.155674e-03
350	-9.200000e-01	-9.135776e-01	3.146698e-03
351	-9.200000e-01	-9.135959e-01	3.137774e-03
352	-9.200000e-01	-9.136141e-01	3.128900e-03
353	-9.200000e-01	-9.136322e-01	3.120076e-03
354	-9.200000e-01	-9.136502e-01	3.111302e-03
355	-9.200000e-01	-9.136680e-01	3.102577e-03
356	-9.200000e-01	-9.136858e-01	3.093901e-03
357	-9.200000e-01	-9.137035e-01	3.085273e-03
358	-9.200000e-01	-9.137211e-01	3.076693e-03
359	-9.200000e-01	-9.137386e-01	3.068161e-03
360	-9.200000e-01	-9.137560e-01	3.059675e-03
361	-9.200000e-01	-9.137733e-01	3.051237e-03
362	-9.200000e-01	-9.137905e-01	3.042845e-03
363	-9.200000e-01	-9.138076e-01	3.034499e-03
364	-9.200000e-01	-9.138246e-01	3.026199e-03
365	-9.200000e-01	-9.138415e-01	3.017944e-03
366	-9.200000e-01	-9.138584e-01	3.009734e-03
367	-9.200000e-01	-9.138751e-01	3.001569e-03
368	-9.200000e-01	-9.138917e-01	2.993447e-03
369	-9.200000e-01	-9.139083e-01	2.985370e-03
370	-9.200000e-01	-9.139247e-01	2.977336e-03
371	-9.200000e-01	-9.139411e-01	2.969345e-03
372	-9.200000e-01	-9.139574e-01	2.961397e-03
373	-9.200000e-01	-9.139736e-01	2.953491e-03
374	-9.200000e-01	-9.139897e-01	2.945628e-03
375	-9.200000e-01	-9.140058e-01	2.937806e-03
376	-9.200000e-01	-9.140217e-01	2.930026e-03
377	-9.200000e-01	-9.140376e-01	2.922287e-03
378	-9.200000e-01	-9.140533e-01	2.914588e-03
379	-9.200000e-01	-9.140690e-01	2.906930e-03
380	-9.200000e-01	-9.140846e-01	2.899312e-03
381	-9.200000e-01	-9.141001e-01	2.891734e-03
382	-9.200000e-01	-9.141156e-01	2.884195e-03
383	-9.200000e-01	-9.141310e-01	2.876696e-03
384	-9.200000e-01	-9.141462e-01	2.869236e-03
385	-9.200000e-01	-9.141614e-01	2.861814e-03
386	-9.200000e-01	-9.141766e-01	2.854430e-03
387	-9.200000e-01	-9.141916e-01	2.847085e-03
388	-9.200000e-01	-9.142066e-01	2.839777e-03
389	-9.200000e-01	-9.142215e-01	2.832506e-03
390	-9.200000e-01	-9.142363e-01	2.825273e-03
391	-9.200000e-01	-9.142510e-01	2.818076e-03
392	-9.200000e-01	-9.142657e-01	2.810917e-03
393	-9.200000e-01	-9.142803e-01	2.803793e-03
394	-9.200000e-01	-9.142948e-01	2.796705e-03
395	-9.200000e-01	-9.143093e-01	2.789653e-03
396	-9.200000e-01	-9.143236e-01	2.782637e-03
397	-9.200000e-01	-9.143379e-01	2.775656e-03
398	-9.200000e-01	-9.143522e-01	2.768710e-03
399	-9.200000e-01	-9.143663e-01	2.761798e-03
400	-9.200000e-01	-9.143804e-01	2.754921e-03
401	-9.200000e-01	-9.143944e-01	2.748078e-03
402	-9.200000e-01	-9.144084e-01	2.741269e-03
403	-9.200000e-01	-9.144222e-01	2.734493e-03
404	-9.200000e-01	-9.144360e-01	2.727751e-03
405	-9.200000e-01	-9.144498e-01	2.721043e-03
406	-9.200000e-01	-9.144634e-01	2.714367e-03
407	-9.200000e-01	-9.144770e-01	2.707723e-03
408	-9.200000e-01	-9.144906e-01	2.701113e-03
409	-9.200000e-01	-9.145041e-01	2.694534e-03
410	-9.200000e-01	-9.145175e-01	2.687987e-03
411	-8.525490e-01	-9.143667e-01	2.685675e-03
412	-8.823529e-01	-9.142890e-01	2.680275e-03
413	-9.200000e-01	-9.143028e-01	2.673813e-03
414	-9.200000e-01	-9.143166e-01	2.667382e-03
415	-9.200000e-01	-9.143303e-01	2.660982e-03
416	-9.200000e-01	-9.143439e-01	2.654613e-03
417	-9.200000e-01	-9.143575e-01	2.648274e-03
418	-9.200000e-01	-9.143710e-01	2.641965e-03
419	-9.200000e-01	-9.143844e-01	2.635687e-03
420	-9.200000e-01	-9.143978e-01	2.629438e-03
421	-8.886275e-01	-9.143365e-01	2.623899e-03
422	-8.400000e-01	-9.141604e-01	2.623594e-03
423	-8.400000e-01	-9.139851e-01	2.623249e-03
424	-8.400000e-01	-9.138106e-01	2.622866e-03
425	-9.058824e-01	-9.137919e-01	2.616754e-03
426	-9.200000e-01	-9.138065e-01	2.610644e-03
427	-9.200000e-01	-9.138210e-01	2.604564e-03
428	-9.200000e-01	-9.138354e-01	2.598511e-03
429	-9.200000e-01	-9.138498e-01	2.592487e-03
430	-9.200000e-01	-9.138641e-01	2.586490e-03
431	-9.200000e-01	-9.138783e-01	2.580522e-03
432	-9.200000e-01	-9.138925e-01	2.574580e-03
433	-9.200000e-01	-9.139066e-01	2.568666e-03
434	-9.200000e-01	-9.139207e-01	2.562779e-03
435	-9.200000e-01	-9.139346e-01	2.556919e-03
436	-9.200000e-01	-9.139486e-01	2.551086e-03
437	-9.200000e-01	-9.139624e-01	2.545279e-03
438	-9.200000e-01	-9.139762e-01	2.539499e-03
439	-9.200000e-01	-9.139899e-01	2.533744e-03
440	-9.200000e-01	-9.140036e-01	2.528016e-03
441	-9.200000e-01	-9.140172e-01	2.522314e-03
442	-9.200000e-01	-9.140307e-01	2.516637e-03
443	-9.200000e-01	-9.140442e-01	2.510986e-03
444	-9.200000e-01	-9.140576e-01	2.505360e-03
445	-9.200000e-01	-9.140709e-01	2.499760e-03
446	-9.200000e-01	-9.140842e-01	2.494184e-03
447	-9.200000e-01	-9.140975e-01	2.488633e-03
448	-9.200000e-01	-9.141106e-01	2.483107e-03
449	-9.200000e-01	-9.141238e-01	2.477605e-03
450	-9.200000e-01	-9.141368e-01	2.472128e-03
451	-9.200000e-01	-9.141498e-01	2.466674e-03
452	-9.200000e-01	-9.141628e-01	2.461245e-03
453	-9.200000e-01	-9.141756e-01	2.455840e-03
454	-9.200000e-01	-9.141885e-01	2.450458e-03
455	-9.200000e-01	-9.142012e-01	2.445100e-03
456	-9.200000e-01	-9.142140e-01	2.439765e-03
457	-9.200000e-01	-9.142266e-01	2.434453e-03
458	-9.200000e-01	-9.142392e-01	2.429165e-03
459	-9.200000e-01	-9.142518e-01	2.423899e-03
460	-9.200000e-01	-9.142643e-01	2.418656e-03
461	-9.200000e-01	-9.142767e-01	2.413436e-03
462	-9.200000e-01	-9.142891e-01	2.408239e-03
463	-9.200000e-01	-9.143014e-01	2.403063e-03
464	-9.200000e-01	-9.143137e-01	2.397910e-03
465	-9.200000e-01	-9.143260e-01	2.392779e-03
466	-9.200000e-01	-9.143381e-01	2.387670e-03
467	-9.200000e-01	-9.143503e-01	2.382582e-03
468	-9.200000e-01	-9.143623e-01	2.377517e-03
469	-9.200000e-01	-9.143743e-01	2.372472e-03
470	-9.200000e-01	-9.143863e-01	2.367449e-03
471	-9.200000e-01	-9.143982e-01	2.362448e-03
472	-9.200000e-01	-9.144101e-01	2.357467e-03
473	-9.200000e-01	-9.144219e-01	2.352507e-03
474	-9.200000e-01	-9.144337e-01	2.347568e-03
475	-9.200000e-01	-9.144454e-01	2.342650e-03
476	-9.200000e-01	-9.144571e-01	2.337753e-03
477	-9.200000e-01	-9.144687e-01	2.332876e-03
478	-9.200000e-01	-9.144803e-01	2.328019e-03
479	-9.200000e-01	-9.144918e-01	2.323182e-03
480	-9.200000e-01	-9.145033e-01	2.318365e-03
481	-9.200000e-01	-9.145147e-01	2.313569e-03
482	-9.200000e-01	-9.145261e-01	2.308792e-03
483	-9.200000e-01	-9.145374e-01	2.304035e-03
484	-9.200000e-01	-9.145487e-01	2.299297e-03
485	-9.200000e-01	-9.145599e-01	2.294579e-03
486	-9.200000e-01	-9.145711e-01	2.289880e-03
487	-9.200000e-01	-9.145823e-01	2.285200e-03
488	-9.200000e-01	-9.145934e-01	2.280540e-03
489	-9.200000e-01	-9.146044e-01	2.275898e-03
490	-9.200000e-01	-9.146154e-01	2.271275e-03
491	-9.200000e-01	-9.146264e-01	2.266671e-03
492	-9.200000e-01	-9.146373e-01	2.262086e-03
493	-9.200000e-01	-9.146482e-01	2.257519e-03
494	-9.200000e-01	-9.146590e-01	2.252971e-03
495	-9.200000e-01	-9.146698e-01	2.248441e-03
496	-9.200000e-01	-9.146806e-01	2.243929e-03
497	-9.200000e-01	-9.146913e-01	2.239435e-03
498	-9.200000e-01	-9.147019e-01	2.234959e-03
499	-9.200000e-01	-9.147126e-01	2.230501e-03
500	-9.200000e-01	-9.147231e-01	2.226060e-03
501	-9.200000e-01	-9.147337e-01	2.221637e-03
502	-9.200000e-01	-9.147442e-01	2.217232e-03
503	-9.200000e-01	-9.147546e-01	2.212845e-03
504	-9.200000e-01	-9.147650e-01	2.208474e-03
505	-9.200000e-01	-9.147754e-01	2.204121e-03
506	-9.200000e-01	-9.147857e-01	2.199785e-03
507	-9.200000e-01	-9.147960e-01	2.195466e-03
508	-9.200000e-01	-9.148062e-01	2.191164e-03
509	-9.200000e-01	-9.148164e-01	2.186879e-03
510	-9.200000e-01	-9.148266e-01	2.182610e-03
511	-9.200000e-01	-9.148367e-01	2.178358e-03
512	-8.509804e-01	-9.147120e-01	2.177674e-03
513	-8.870588e-01	-9.146581e-01	2.174093e-03
514	-9.200000e-01	-9.146685e-01	2.169884e-03
515	-9.200000e-01	-9.146789e-01	2.165691e-03
516	-9.200000e-01	-9.146892e-01	2.161515e-03
517	-9.200000e-01	-9.146994e-01	2.157354e-03
518	-9.200000e-01	-9.147097e-01	2.153210e-03
519	-9.200000e-01	-9.147199e-01	2.149081e-03
520	-9.200000e-01	-9.147300e-01	2.144968e-03
521	-9.200000e-01	-9.147401e-01	2.140871e-03
522	-9.200000e-01	-9.147502e-01	2.136790e-03
523	-9.200000e-01	-9.147602e-01	2.132724e-03
524	-9.200000e-01	-9.147702e-01	2.128673e-03
525	-9.200000e-01	-9.147802e-01	2.124638e-03
526	-9.200000e-01	-9.147901e-01	2.120618e-03
527	-9.200000e-01	-9.148000e-01	2.116614e-03
528	-9.200000e-01	-9.148099e-01	2.112624e-03
529	-9.200000e-01	-9.148197e-01	2.108650e-03
530	-9.200000e-01	-9.148294e-01	2.104690e-03
531	-9.200000e-01	-9.148392e-01	2.100745e-03
532	-9.200000e-01	-9.148489e-01	2.096815e-03
533	-9.200000e-01	-9.148586e-01	2.092900e-03
534	-9.200000e-01	-9.148682e-01	2.088999e-03
535	-9.200000e-01	-9.148778e-01	2.085113e-03
536	-9.200000e-01	-9.148873e-01	2.081241e-03
537	-9.200000e-01	-9.148968e-01	2.077383e-03
538	-8.901961e-01	-9.148509e-01	2.074027e-03
539	-8.964706e-01	-9.148168e-01	2.070456e-03
540	-9.200000e-01	-9.148264e-01	2.066641e-03
541	-9.200000e-01	-9.148360e-01	2.062839e-03
542	-9.200000e-01	-9.148455e-01	2.059052e-03
543	-8.776471e-01	-9.147770e-01	2.056398e-03
544	-8.400000e-01	-9.146396e-01	2.057211e-03
545	-8.400000e-01	-9.145026e-01	2.057995e-03
546	-8.400000e-01	-9.143662e-01	2.058749e-03
547	-8.400000e-01	-9.142302e-01	2.059475e-03
548	-8.400000e-01	-9.140947e-01	2.060171e-03
549	-8.400000e-01	-9.139598e-01	2.060839e-03
550	-8.400000e-01	-9.138253e-01	2.061479e-03
551	-8.400000e-01	-9.136913e-01	2.062092e-03
552	-8.400000e-01	-9.135578e-01	2.062677e-03
553	-8.400000e-01	-9.134248e-01	2.063236e-03
554	-8.400000e-01	-9.132923e-01	2.063769e-03
555	-8.400000e-01	-9.131602e-01	2.064275e-03
556	-8.400000e-01	-9.130286e-01	2.064756e-03
557	-8.400000e-01	-9.128975e-01	2.065212e-03
558	-8.400000e-01	-9.127669e-01	2.065643e-03
559	-8.400000e-01	-9.126367e-01	2.066049e-03
560	-8.400000e-01	-9.125070e-01	2.066431e-03
561	-8.400000e-01	-9.123778e-01	2.066790e-03
562	-8.400000e-01	-9.122490e-01	2.067125e-03
563	-8.400000e-01	-9.121206e-01	2.067436e-03
564	-8.400000e-01	-9.119928e-01	2.067725e-03
565	-8.400000e-01	-9.118653e-01	2.067992e-03
566	-8.400000e-01	-9.117384e-01	2.068236e-03
567	-8.400000e-01	-9.116119e-01	2.068458e-03
568	-8.792157e-01	-9.115548e-01	2.065601e-03
569	-8.572549e-01	-9.114594e-01	2.064174e-03
570	-8.400000e-01	-9.113340e-01	2.064360e-03
571	-8.400000e-01	-9.112091e-01	2.064525e-03
572	-8.400000e-01	-9.110846e-01	2.064669e-03
573	-8.400000e-01	-9.109605e-01	2.064793e-03
574	-8.400000e-01	-9.108369e-01	2.064897e-03
575	-8.400000e-01	-9.107137e-01	2.064980e-03
576	-8.400000e-01	-9.105910e-01	2.065045e-03
577	-8.400000e-01	-9.104686e-01	2.065090e-03
578	-8.400000e-01	-9.103467e-01	2.065116e-03
579	-8.400000e-01	-9.102252e-01	2.065123e-03
580	-8.400000e-01	-9.101041e-01	2.065112e-03
581	-8.400000e-01	-9.099835e-01	2.065083e-03
582	-8.400000e-01	-9.098632e-01	2.065035e-03
583	-8.400000e-01	-9.097434e-01	2.064970e-03
584	-8.400000e-01	-9.096240e-01	2.064888e-03
585	-8.400000e-01	-9.095049e-01	2.064788e-03
586	-8.400000e-01	-9.093863e-01	2.064671e-03
587	-8.400000e-01	-9.092681e-01	2.064537e-03
588	-8.400000e-01	-9.091503e-01	2.064387e-03
589	-8.400000e-01	-9.090329e-01	2.064220e-03
590	-8.400000e-01	-9.089159e-01	2.064038e-03
591	-8.400000e-01	-9.087993e-01	2.063839e-03
592	-8.400000e-01	-9.086831e-01	2.063625e-03
593	-8.400000e-01	-9.085673e-01	2.063395e-03
594	-8.400000e-01	-9.084518e-01	2.063151e-03
595	-8.400000e-01	-9.083368e-01	2.062891e-03
596	-8.400000e-01	-9.082221e-01	2.062616e-03
597	-8.101961e-01	-9.080579e-01	2.065694e-03
598	-8.666667e-01	-9.079887e-01	2.063398e-03
599	-9.200000e-01	-9.080088e-01	2.060048e-03
600	-9.200000e-01	-9.080288e-01	2.056709e-03
601	-9.200000e-01	-9.080487e-01	2.053381e-03
602	-9.200000e-01	-9.080685e-01	2.050063e-03
603	-9.200000e-01	-9.080883e-01	2.046756e-03
604	-9.200000e-01	-9.081080e-01	2.043460e-03
605	-9.200000e-01	-9.081277e-01	2.040174e-03
606	-9.200000e-01	-9.081473e-01	2.036899e-03
607	-9.200000e-01	-9.081668e-01	2.033634e-03
608	-9.200000e-01	-9.081863e-01	2.030380e-03
609	-9.200000e-01	-9.082057e-01	2.027136e-03
610	-9.200000e-01	-9.082250e-01	2.023902e-03
611	-9.200000e-01	-9.082443e-01	2.020679e-03
612	-9.200000e-01	-9.082635e-01	2.017466e-03
613	-9.200000e-01	-9.082826e-01	2.014263e-03
614	-9.200000e-01	-9.083017e-01	2.011071e-03
615	-9.200000e-01	-9.083207e-01	2.007888e-03
616	-9.200000e-01	-9.083397e-01	2.004716e-03
617	-9.200000e-01	-9.083586e-01	2.001553e-03
618	-9.200000e-01	-9.083774e-01	1.998400e-03
619	-9.200000e-01	-9.083962e-01	1.995258e-03
620	-9.200000e-01	-9.084149e-01	1.992125e-03
621	-9.200000e-01	-9.084336e-01	1.989002e-03
622	-9.200000e-01	-9.084522e-01	1.985889e-03
623	-9.200000e-01	-9.084707e-01	1.982785e-03
624	-9.200000e-01	-9.084892e-01	1.979691e-03
625	-9.200000e-01	-9.085076e-01	1.976607e-03
626	-9.200000e-01	-9.085260e-01	1.973532e-03
627	-9.200000e-01	-9.085443e-01	1.970467e-03
628	-9.200000e-01	-9.085625e-01	1.967412e-03
629	-9.121569e-01	-9.085682e-01	1.964290e-03
630	-9.200000e-01	-9.085864e-01	1.961253e-03
631	-9.200000e-01	-9.086045e-01	1.958226e-03
632	-9.200000e-01	-9.086225e-01	1.955208e-03
633	-9.200000e-01	-9.086405e-01	1.952200e-03
634	-9.200000e-01	-9.086584e-01	1.949200e-03
635	-9.200000e-01	-9.086762e-01	1.946210e-03
636	-9.200000e-01	-9.086940e-01	1.943229e-03
637	-9.200000e-01	-9.087118e-01	1.940258e-03
638	-9.200000e-01	-9.087295e-01	1.937295e-03
639	-9.200000e-01	-9.087471e-01	1.934341e-03
640	-9.200000e-01	-9.087647e-01	1.931396e-03
641	-9.200000e-01	-9.087822e-01	1.928461e-03
642	-9.200000e-01	-9.087997e-01	1.925534e-03
643	-9.200000e-01	-9.088171e-01	1.922616e-03
644	-9.200000e-01	-9.088345e-01	1.919706e-03
645	-9.200000e-01	-9.088518e-01	1.916806e-03
646	-9.200000e-01	-9.088691e-01	1.913914e-03
647	-9.200000e-01	-9.088863e-01	1.911031e-03
648	-9.200000e-01	-9.089034e-01	1.908157e-03
649	-9.200000e-01	-9.089205e-01	1.905291e-03
650	-9.200000e-01	-9.089376e-01	1.902434e-03
651	-9.200000e-01	-9.089545e-01	1.899586e-03
652	-9.200000e-01	-9.089715e-01	1.896746e-03
653	-9.200000e-01	-9.089884e-01	1.893914e-03
654	-9.200000e-01	-9.090052e-01	1.891091e-03
655	-9.200000e-01	-9.090220e-01	1.888276e-03
656	-9.200000e-01	-9.090387e-01	1.885470e-03
657	-9.200000e-01	-9.090554e-01	1.882672e-03
658	-9.200000e-01	-9.090721e-01	1.879882e-03
659	-9.200000e-01	-9.090886e-01	1.877100e-03
660	-8.572549e-01	-9.090101e-01	1.875899e-03
661	-8.400000e-01	-9.089057e-01	1.875966e-03
662	-8.400000e-01	-9.088016e-01	1.876020e-03
663	-8.400000e-01	-9.086978e-01	1.876060e-03
664	-8.400000e-01	-9.085944e-01	1.876088e-03
665	-8.400000e-01	-9.084912e-01	1.876102e-03
666	-8.400000e-01	-9.083884e-01	1.876104e-03
667	-9.058824e-01	-9.083846e-01	1.873293e-03
668	-9.200000e-01	-9.084020e-01	1.870567e-03
669	-9.200000e-01	-9.084194e-01	1.867850e-03
670	-9.200000e-01	-9.084366e-01	1.865140e-03
671	-9.200000e-01	-9.084539e-01	1.862438e-03
672	-9.200000e-01	-9.084711e-01	1.859744e-03
673	-9.200000e-01	-9.084882e-01	1.857057e-03
674	-9.200000e-01	-9.085053e-01	1.854378e-03
675	-9.200000e-01	-9.085223e-01	1.851707e-03
676	-9.200000e-01	-9.085393e-01	1.849044e-03
677	-9.200000e-01	-9.085562e-01	1.846389e-03
678	-9.200000e-01	-9.085731e-01	1.843741e-03
679	-9.200000e-01	-9.085899e-01	1.841100e-03
680	-9.200000e-01	-9.086067e-01	1.838467e-03
681	-9.200000e-01	-9.086234e-01	1.835842e-03
682	-9.200000e-01	-9.086401e-01	1.833224e-03
683	-9.200000e-01	-9.086567e-01	1.830613e-03
684	-9.200000e-01	-9.086733e-01	1.828010e-03
685	-9.200000e-01	-9.086899e-01	1.825415e-03
686	-9.200000e-01	-9.087063e-01	1.822826e-03
687	-9.200000e-01	-9.087228e-01	1.820245e-03
688	-9.200000e-01	-9.087392e-01	1.817671e-03
689	-8.619608e-01	-9.086713e-01	1.816301e-03
690	-8.400000e-01	-9.085718e-01	1.816395e-03
691	-8.949020e-01	-9.085520e-01	1.813872e-03
692	-9.200000e-01	-9.085685e-01	1.811325e-03
693	-9.200000e-01	-9.085850e-01	1.808785e-03
694	-9.200000e-01	-9.086015e-01	1.806251e-03
695	-9.200000e-01	-9.086179e-01	1.803725e-03
696	-9.200000e-01	-9.086342e-01	1.801206e-03
697	-9.200000e-01	-9.086505e-01	1.798694e-03
698	-9.200000e-01	-9.086668e-01	1.796188e-03
699	-9.200000e-01	-9.086830e-01	1.793690e-03
700	-9.200000e-01	-9.086992e-01	1.791199e-03
701	-9.200000e-01	-9.087153e-01	1.788715e-03
702	-9.200000e-01	-9.087314e-01	1.786237e-03
703	-9.200000e-01	-9.087474e-01	1.783766e-03
704	-9.200000e-01	-9.087634e-01	1.781303e-03
705	-9.200000e-01	-9.087793e-01	1.778846e-03
706	-9.200000e-01	-9.087952e-01	1.776395e-03
707	-9.200000e-01	-9.088110e-01	1.773952e-03
708	-9.200000e-01	-9.088269e-01	1.771515e-03
709	-9.200000e-01	-9.088426e-01	1.769085e-03
710	-9.200000e-01	-9.088583e-01	1.766661e-03
711	-9.200000e-01	-9.088740e-01	1.764244e-03
712	-9.200000e-01	-9.088896e-01	1.761834e-03
713	-9.200000e-01	-9.089052e-01	1.759430e-03
714	-9.200000e-01	-9.089207e-01	1.757033e-03
715	-9.200000e-01	-9.089362e-01	1.754642e-03
716	-9.200000e-01	-9.089517e-01	1.752258e-03
717	-9.200000e-01	-9.089671e-01	1.749880e-03
718	-9.200000e-01	-9.089825e-01	1.747509e-03
719	-9.200000e-01	-9.089978e-01	1.745144e-03
720	-9.200000e-01	-9.090131e-01	1.742786e-03
721	-9.200000e-01	-9.090283e-01	1.740433e-03
722	-9.200000e-01	-9.090435e-01	1.738088e-03
723	-9.200000e-01	-9.090587e-01	1.735748e-03
724	-9.200000e-01	-9.090738e-01	1.733415e-03
725	-9.200000e-01	-9.090888e-01	1.731088e-03
726	-9.200000e-01	-9.091039e-01	1.728767e-03
727	-8.870588e-01	-9.090735e-01	1.726654e-03
728	-8.400000e-01	-9.089787e-01	1.726889e-03
729	-8.400000e-01	-9.088840e-01	1.727112e-03
730	-8.400000e-01	-9.087897e-01	1.727324e-03
731	-8.400000e-01	-9.086956e-01	1.727525e-03
732	-8.400000e-01	-9.086017e-01	1.727714e-03
733	-8.400000e-01	-9.085081e-01	1.727892e-03
734	-8.400000e-01	-9.084148e-01	1.728058e-03
735	-8.400000e-01	-9.083217e-01	1.728214e-03
736	-8.400000e-01	-9.082289e-01	1.728359e-03
737	-8.400000e-01	-9.081363e-01	1.728493e-03
738	-8.400000e-01	-9.080440e-01	1.728617e-03
739	-8.400000e-01	-9.079519e-01	1.728730e-03
740	-8.400000e-01	-9.078601e-01	1.728833e-03
741	-8.400000e-01	-9.077685e-01	1.728925e-03
742	-8.400000e-01	-9.076772e-01	1.729007e-03
743	-8.400000e-01	-9.075861e-01	1.729080e-03
744	-8.400000e-01	-9.074953e-01	1.729142e-03
745	-8.400000e-01	-9.074047e-01	1.729194e-03
746	-8.400000e-01	-9.073143e-01	1.729237e-03
747	-8.400000e-01	-9.072242e-01	1.729270e-03
748	-8.400000e-01	-9.071343e-01	1.729293e-03
749	-8.400000e-01	-9.070447e-01	1.729308e-03
750	-8.400000e-01	-9.069553e-01	1.729312e-03
751	-8.400000e-01	-9.068661e-01	1.729308e-03
752	-8.400000e-01	-9.067772e-01	1.729294e-03
753	-8.400000e-01	-9.066885e-01	1.729272e-03
754	-8.400000e-01	-9.066001e-01	1.729240e-03
755	-8.400000e-01	-9.065119e-01	1.729200e-03
756	-8.400000e-01	-9.064239e-01	1.729150e-03
757	-8.400000e-01	-9.063362e-01	1.729092e-03
758	-8.400000e-01	-9.062486e-01	1.729026e-03
759	-8.400000e-01	-9.061614e-01	1.728951e-03
760	-8.400000e-01	-9.060743e-01	1.728868e-03
761	-8.400000e-01	-9.059875e-01	1.728776e-03
762	-8.400000e-01	-9.059009e-01	1.728676e-03
763	-8.400000e-01	-9.058145e-01	1.728568e-03
764	-8.400000e-01	-9.057284e-01	1.728452e-03
765	-8.211765e-01	-9.056178e-01	1.729726e-03
766	-8.337255e-01	-9.055240e-01	1.730014e-03
767	-8.400000e-01	-9.054386e-01	1.729868e-03
768	-8.400000e-01	-9.053533e-01	1.729714e-03
769	-8.400000e-01	-9.052684e-01	1.729553e-03
770	-8.400000e-01	-9.051836e-01	1.729384e-03
771	-8.400000e-01	-9.050991e-01	1.729207e-03
772	-8.400000e-01	-9.050147e-01	1.729023e-03
773	-8.400000e-01	-9.049306e-01	1.728832e-03
774	-8.400000e-01	-9.048467e-01	1.728634e-03
775	-8.400000e-01	-9.047631e-01	1.728428e-03
776	-8.400000e-01	-9.046796e-01	1.728216e-03
777	-8.400000e-01	-9.045964e-01	1.727996e-03
778	-8.400000e-01	-9.045133e-01	1.727770e-03
779	-8.400000e-01	-9.044305e-01	1.727537e-03
780	-8.400000e-01	-9.043479e-01	1.727297e-03
781	-8.729412e-01	-9.043077e-01	1.725552e-03
782	-9.200000e-01	-9.043278e-01	1.723461e-03
783	-9.200000e-01	-9.043478e-01	1.721375e-03
784	-9.200000e-01	-9.043677e-01	1.719294e-03
785	-9.200000e-01	-9.043877e-01	1.717218e-03
786	-9.200000e-01	-9.044075e-01	1.715147e-03
787	-9.200000e-01	-9.044273e-01	1.713081e-03
788	-9.027451e-01	-9.044252e-01	1.710907e-03
789	-8.400000e-01	-9.043435e-01	1.710687e-03
790	-8.949020e-01	-9.043316e-01	1.708562e-03
791	-9.200000e-01	-9.043514e-01	1.706515e-03
792	-9.200000e-01	-9.043712e-01	1.704474e-03
793	-9.200000e-01	-9.043909e-01	1.702437e-03
794	-9.200000e-01	-9.044105e-01	1.700405e-03
795	-9.200000e-01	-9.044301e-01	1.698378e-03
796	-9.200000e-01	-9.044497e-01	1.696356e-03
797	-9.200000e-01	-9.044692e-01	1.694339e-03
798	-9.200000e-01	-9.044887e-01	1.692326e-03
799	-9.200000e-01	-9.045081e-01	1.690318e-03
800	-9.200000e-01	-9.045275e-01	1.688315e-03
801	-9.200000e-01	-9.045468e-01	1.686316e-03
802	-9.200000e-01	-9.045660e-01	1.684323e-03
803	-9.200000e-01	-9.045853e-01	1.682334e-03
804	-9.200000e-01	-9.046044e-01	1.680349e-03
805	-9.200000e-01	-9.046236e-01	1.678370e-03
806	-9.200000e-01	-9.046426e-01	1.676394e-03
807	-9.200000e-01	-9.046617e-01	1.674424e-03
808	-9.200000e-01	-9.046806e-01	1.672458e-03
809	-9.200000e-01	-9.046996e-01	1.670497e-03
810	-9.200000e-01	-9.047185e-01	1.668540e-03
811	-9.200000e-01	-9.047373e-01	1.666588e-03
812	-9.200000e-01	-9.047561e-01	1.664640e-03
813	-9.200000e-01	-9.047749e-01	1.662697e-03
814	-9.200000e-01	-9.047936e-01	1.660759e-03
815	-9.200000e-01	-9.048122e-01	1.658825e-03
816	-9.200000e-01	-9.048308e-01	1.656895e-03
817	-9.200000e-01	-9.048494e-01	1.654970e-03
818	-9.200000e-01	-9.048679e-01	1.653049e-03
819	-9.200000e-01	-9.048864e-01	1.651133e-03
820	-9.200000e-01	-9.049048e-01	1.649221e-03
821	-9.200000e-01	-9.049232e-01	1.647314e-03
822	-9.200000e-01	-9.049416e-01	1.645411e-03
823	-9.200000e-01	-9.049599e-01	1.643512e-03
824	-9.200000e-01	-9.049781e-01	1.641618e-03
825	-9.200000e-01	-9.049963e-01	1.639728e-03
826	-9.200000e-01	-9.050145e-01	1.637842e-03
827	-9.200000e-01	-9.050326e-01	1.635961e-03
828	-9.200000e-01	-9.050507e-01	1.634084e-03
829	-9.200000e-01	-9.050687e-01	1.632211e-03
830	-9.200000e-01	-9.050867e-01	1.630343e-03
831	-9.200000e-01	-9.051046e-01	1.628479e-03
832	-9.200000e-01	-9.051225e-01	1.626619e-03
833	-9.200000e-01	-9.051404e-01	1.624763e-03
834	-9.200000e-01	-9.051582e-01	1.622912e-03
835	-9.200000e-01	-9.051760e-01	1.621064e-03
836	-9.200000e-01	-9.051937e-01	1.619221e-03
837	-9.200000e-01	-9.052114e-01	1.617382e-03
838	-9.200000e-01	-9.052291e-01	1.615547e-03
839	-9.200000e-01	-9.052467e-01	1.613717e-03
840	-9.200000e-01	-9.052642e-01	1.611890e-03
841	-9.200000e-01	-9.052818e-01	1.610068e-03
842	-9.200000e-01	-9.052992e-01	1.608249e-03
843	-9.200000e-01	-9.053167e-01	1.606435e-03
844	-9.200000e-01	-9.053341e-01	1.604625e-03
845	-9.200000e-01	-9.053514e-01	1.602819e-03
846	-9.200000e-01	-9.053687e-01	1.601017e-03
847	-9.200000e-01	-9.053860e-01	1.599219e-03
848	-9.200000e-01	-9.054033e-01	1.597425e-03
849	-9.200000e-01	-9.054204e-01	1.595635e-03
850	-9.200000e-01	-9.054376e-01	1.593849e-03
851	-9.200000e-01	-9.054547e-01	1.592067e-03
852	-9.200000e-01	-9.054718e-01	1.590289e-03
853	-9.200000e-01	-9.054888e-01	1.588514e-03
854	-9.200000e-01	-9.055058e-01	1.586744e-03
855	-9.200000e-01	-9.055228e-01	1.584978e-03
856	-9.200000e-01	-9.055397e-01	1.583216e-03
857	-9.200000e-01	-9.055565e-01	1.581457e-03
858	-9.200000e-01	-9.055734e-01	1.579703e-03
859	-9.200000e-01	-9.055902e-01	1.577952e-03
860	-9.200000e-01	-9.056069e-01	1.576205e-03
861	-9.200000e-01	-9.056236e-01	1.574462e-03
862	-9.200000e-01	-9.056403e-01	1.572723e-03
863	-9.200000e-01	-9.056570e-01	1.570988e-03
864	-9.200000e-01	-9.056736e-01	1.569256e-03
865	-9.200000e-01	-9.056901e-01	1.567528e-03
866	-9.200000e-01	-9.057067e-01	1.565804e-03
867	-9.200000e-01	-9.057231e-01	1.564084e-03
868	-9.200000e-01	-9.057396e-01	1.562368e-03
869	-9.200000e-01	-9.057560e-01	1.560655e-03
870	-9.200000e-01	-9.057724e-01	1.558946e-03
871	-9.200000e-01	-9.057887e-01	1.557241e-03
872	-9.200000e-01	-9.058050e-01	1.555540e-03
873	-9.200000e-01	-9.058213e-01	1.553842e-03
874	-9.200000e-01	-9.058375e-01	1.552148e-03
875	-9.200000e-01	-9.058537e-01	1.550457e-03
876	-9.200000e-01	-9.058698e-01	1.548771e-03
877	-9.200000e-01	-9.058859e-01	1.547087e-03
878	-9.200000e-01	-9.059020e-01	1.545408e-03
879	-9.200000e-01	-9.059180e-01	1.543732e-03
880	-9.200000e-01	-9.059340e-01	1.542060e-03
881	-9.200000e-01	-9.059500e-01	1.540391e-03
882	-9.200000e-01	-9.059659e-01	1.538726e-03
883	-9.200000e-01	-9.059818e-01	1.537065e-03
884	-9.200000e-01	-9.059977e-01	1.535407e-03
885	-9.200000e-01	-9.060135e-01	1.533753e-03
886	-9.200000e-01	-9.060293e-01	1.532102e-03
887	-9.200000e-01	-9.060451e-01	1.530455e-03
888	-9.200000e-01	-9.060608e-01	1.528811e-03
889	-9.200000e-01	-9.060764e-01	1.527171e-03
890	-9.200000e-01	-9.060921e-01	1.525534e-03
891	-9.200000e-01	-9.061077e-01	1.523901e-03
892	-9.200000e-01	-9.061233e-01	1.522271e-03
893	-9.200000e-01	-9.061388e-01	1.520645e-03
894	-9.200000e-01	-9.061543e-01	1.519022e-03
895	-9.200000e-01	-9.061698e-01	1.517403e-03
896	-9.200000e-01	-9.061852e-01	1.515787e-03
897	-9.200000e-01	-9.062006e-01	1.514175e-03
898	-9.200000e-01	-9.062160e-01	1.512566e-03
899	-9.200000e-01	-9.062313e-01	1.510960e-03
900	-9.200000e-01	-9.062466e-01	1.509358e-03
901	-9.200000e-01	-9.062619e-01	1.507759e-03
902	-9.200000e-01	-9.062771e-01	1.506164e-03
903	-9.200000e-01	-9.062923e-01	1.504571e-03
904	-9.200000e-01	-9.063075e-01	1.502983e-03
905	-9.200000e-01	-9.063226e-01	1.501397e-03
906	-9.200000e-01	-9.063377e-01	1.499815e-03
907	-9.200000e-01	-9.063528e-01	1.498236e-03
908	-9.200000e-01	-9.063678e-01	1.496661e-03
909	-9.200000e-01	-9.063828e-01	1.495089e-03
910	-9.200000e-01	-9.063978e-01	1.493520e-03
911	-9.200000e-01	-9.064127e-01	1.491954e-03
912	-9.200000e-01	-9.064276e-01	1.490392e-03
913	-9.200000e-01	-9.064425e-01	1.488833e-03
914	-9.200000e-01	-9.064573e-01	1.487277e-03
915	-9.200000e-01	-9.064721e-01	1.485724e-03
916	-9.200000e-01	-9.064869e-01	1.484175e-03
917	-9.200000e-01	-9.065016e-01	1.482629e-03
918	-9.200000e-01	-9.065163e-01	1.481086e-03
919	-9.200000e-01	-9.065310e-01	1.479546e-03
920	-9.200000e-01	-9.065456e-01	1.478009e-03
921	-9.200000e-01	-9.065602e-01	1.476476e-03
922	-9.200000e-01	-9.065748e-01	1.474946e-03
923	-9.200000e-01	-9.065893e-01	1.473419e-03
924	-9.200000e-01	-9.066039e-01	1.471895e-03
925	-9.200000e-01	-9.066183e-01	1.470374e-03
926	-9.200000e-01	-9.066328e-01	1.468856e-03
927	-9.200000e-01	-9.066472e-01	1.467342e-03
928	-9.200000e-01	-9.066616e-01	1.465830e-03
929	-9.200000e-01	-9.066760e-01	1.464322e-03
930	-9.200000e-01	-9.066903e-01	1.462817e-03
931	-9.200000e-01	-9.067046e-01	1.461315e-03
932	-9.200000e-01	-9.067188e-01	1.459816e-03
933	-9.200000e-01	-9.067331e-01	1.458320e-03
934	-9.200000e-01	-9.067473e-01	1.456827e-03
935	-9.200000e-01	-9.067615e-01	1.455337e-03
936	-9.200000e-01	-9.067756e-01	1.453850e-03
937	-9.200000e-01	-9.067897e-01	1.452366e-03
938	-9.200000e-01	-9.068038e-01	1.450885e-03
939	-9.200000e-01	-9.068178e-01	1.449407e-03
940	-9.200000e-01	-9.068319e-01	1.447933e-03
941	-9.200000e-01	-9.068459e-01	1.446461e-03
942	-9.200000e-01	-9.068598e-01	1.444992e-03
943	-9.200000e-01	-9.068738e-01	1.443526e-03
944	-9.200000e-01	-9.068877e-01	1.442063e-03
945	-9.200000e-01	-9.069015e-01	1.440603e-03
946	-9.200000e-01	-9.069154e-01	1.439146e-03
947	-9.200000e-01	-9.069292e-01	1.437692e-03
948	-9.200000e-01	-9.069430e-01	1.436241e-03
949	-9.200000e-01	-9.069568e-01	1.434793e-03
950	-9.200000e-01	-9.069705e-01	1.433347e-03
951	-9.200000e-01	-9.069842e-01	1.431905e-03
952	-9.200000e-01	-9.069979e-01	1.430465e-03
953	-9.200000e-01	-9.070115e-01	1.429029e-03
954	-9.200000e-01	-9.070251e-01	1.427595e-03
955	-9.200000e-01	-9.070387e-01	1.426164e-03
956	-9.200000e-01	-9.070523e-01	1.424736e-03
957	-9.200000e-01	-9.070658e-01	1.423310e-03
958	-9.200000e-01	-9.070793e-01	1.421888e-03
959	-9.200000e-01	-9.070928e-01	1.420469e-03
960	-9.200000e-01	-9.071062e-01	1.419052e-03
961	-9.200000e-01	-9.071196e-01	1.417638e-03
962	-9.200000e-01	-9.071330e-01	1.416227e-03
963	-9.200000e-01	-9.071464e-01	1.414818e-03
964	-9.200000e-01	-9.071597e-01	1.413413e-03
965	-9.200000e-01	-9.071730e-01	1.412010e-03
966	-9.200000e-01	-9.071863e-01	1.410610e-03
967	-9.200000e-01	-9.071995e-01	1.409213e-03
968	-9.200000e-01	-9.072128e-01	1.407819e-03
969	-9.200000e-01	-9.072260e-01	1.406427e-03
970	-9.200000e-01	-9.072391e-01	1.405038e-03
971	-9.200000e-01	-9.072523e-01	1.403652e-03
972	-9.200000e-01	-9.072654e-01	1.402268e-03
973	-9.200000e-01	-9.072785e-01	1.400887e-03
974	-9.200000e-01	-9.072915e-01	1.399509e-03
975	-9.200000e-01	-9.073046e-01	1.398134e-03
976	-9.200000e-01	-9.073176e-01	1.396761e-03
977	-9.200000e-01	-9.073306e-01	1.395391e-03
978	-9.200000e-01	-9.073435e-01	1.394024e-03
979	-9.200000e-01	-9.073564e-01	1.392659e-03
980	-9.200000e-01	-9.073693e-01	1.391297e-03
981	-9.200000e-01	-9.073822e-01	1.389938e-03
982	-9.200000e-01	-9.073951e-01	1.388581e-03
983	-9.200000e-01	-9.074079e-01	1.387227e-03
984	-9.200000e-01	-9.074207e-01	1.385876e-03
985	-9.200000e-01	-9.074335e-01	1.384527e-03
986	-9.200000e-01	-9.074462e-01	1.383181e-03
987	-9.200000e-01	-9.074589e-01	1.381837e-03
988	-8.400000e-01	-9.073906e-01	1.382126e-03
989	-8.400000e-01	-9.073225e-01	1.382408e-03
990	-8.400000e-01	-9.072545e-01	1.382684e-03
991	-8.400000e-01	-9.071866e-01	1.382954e-03
992	-8.400000e-01	-9.071189e-01	1.383218e-03
993	-8.400000e-01	-9.070513e-01	1.383477e-03
994	-8.400000e-01	-9.069839e-01	1.383730e-03
995	-8.745098e-01	-9.069512e-01	1.382723e-03
996	-9.200000e-01	-9.069643e-01	1.381397e-03
997	-9.200000e-01	-9.069774e-01	1.380072e-03
998	-9.200000e-01	-9.069905e-01	1.378750e-03
999	-9.200000e-01	-9.070035e-01	1.377431e-03
1000	-9.200000e-01	-9.070165e-01	1.376114e-03
