1	-5.576471e-01	-5.576471e-01	0.000000e+00
2	-7.913725e-01	-6.745098e-01	1.168627e-01
3	-8.400000e-01	-7.296732e-01	8.715102e-02
4	-8.400000e-01	-7.572549e-01	6.751593e-02
5	-8.400000e-01	-7.738039e-01	5.485354e-02
6	-8.400000e-01	-7.848366e-01	4.612657e-02
7	-8.400000e-01	-7.927171e-01	3.977260e-02
8	-8.400000e-01	-7.986275e-01	3.494749e-02
9	-8.400000e-01	-8.032244e-01	3.116172e-02
10	-8.400000e-01	-8.069020e-01	2.811346e-02
11	-8.400000e-01	-8.099109e-01	2.560698e-02
12	-8.400000e-01	-8.124183e-01	2.350996e-02
13	-8.400000e-01	-8.145400e-01	2.172985e-02
14	-8.400000e-01	-8.163585e-01	2.019996e-02
15	-8.400000e-01	-8.179346e-01	1.887107e-02
16	-8.400000e-01	-8.193137e-01	1.770606e-02
17	-8.400000e-01	-8.205306e-01	1.667640e-02
18	-8.400000e-01	-8.216122e-01	1.575982e-02
19	-8.400000e-01	-8.225800e-01	1.493868e-02
20	-8.400000e-01	-8.234510e-01	1.419881e-02
21	-8.400000e-01	-8.242390e-01	1.352874e-02
22	-8.400000e-01	-8.249554e-01	1.291902e-02
23	-8.933333e-01	-8.279284e-01	1.269750e-02
24	-9.200000e-01	-8.317647e-01	1.274787e-02
25	-9.200000e-01	-8.352941e-01	1.272652e-02
26	-9.200000e-01	-8.385520e-01	1.265384e-02
27	-9.200000e-01	-8.415686e-01	1.254427e-02
28	-9.200000e-01	-8.443697e-01	1.240827e-02
29	-9.200000e-01	-8.469777e-01	1.225350e-02
30	-9.200000e-01	-8.494118e-01	1.208565e-02
31	-9.200000e-01	-8.516888e-01	1.190901e-02
32	-9.200000e-01	-8.538235e-01	1.172679e-02
33	-9.200000e-01	-8.558289e-01	1.154143e-02
34	-9.200000e-01	-8.577163e-01	1.135479e-02
35	-9.200000e-01	-8.594958e-01	1.116828e-02
36	-9.200000e-01	-8.611765e-01	1.098297e-02
37	-9.200000e-01	-8.627663e-01	1.079967e-02
38	-9.200000e-01	-8.642724e-01	1.061898e-02
39	-9.200000e-01	-8.657014e-01	1.044135e-02
40	-9.200000e-01	-8.670588e-01	1.026711e-02
41	-9.200000e-01	-8.683501e-01	1.009647e-02
42	-8.462745e-01	-8.678245e-01	9.867155e-03
43	-8.400000e-01	-8.671774e-01	9.656658e-03
44	-8.400000e-01	-8.665597e-01	9.454834e-03
45	-8.400000e-01	-8.659695e-01	9.261165e-03
46	-9.090196e-01	-8.669054e-01	9.105819e-03
47	-9.200000e-01	-8.680350e-01	8.981300e-03
48	-9.200000e-01	-8.691176e-01	8.858600e-03
49	-9.200000e-01	-8.701561e-01	8.737852e-03
50	-9.200000e-01	-8.711529e-01	8.619154e-03
51	-9.200000e-01	-8.721107e-01	8.502579e-03
52	-9.200000e-01	-8.730317e-01	8.388173e-03
53	-9.200000e-01	-8.739179e-01	8.275968e-03
54	-9.200000e-01	-8.747712e-01	8.165976e-03
55	-9.200000e-01	-8.755936e-01	8.058199e-03
56	-9.200000e-01	-8.763866e-01	7.952627e-03
57	-9.200000e-01	-8.771517e-01	7.849244e-03
58	-9.200000e-01	-8.778905e-01	7.748026e-03
59	-9.200000e-01	-8.786042e-01	7.648942e-03
60	-9.200000e-01	-8.792941e-01	7.551961e-03
61	-9.200000e-01	-8.799614e-01	7.457044e-03
62	-9.200000e-01	-8.806072e-01	7.364153e-03
63	-9.200000e-01	-8.812325e-01	7.273247e-03
64	-9.200000e-01	-8.818382e-01	7.184282e-03
65	-9.200000e-01	-8.824253e-01	7.097217e-03
66	-9.200000e-01	-8.829947e-01	7.012006e-03
67	-9.200000e-01	-8.835470e-01	6.928605e-03
68	-9.200000e-01	-8.840830e-01	6.846972e-03
69	-9.200000e-01	-8.846036e-01	6.767060e-03
70	-9.200000e-01	-8.851092e-01	6.688829e-03
71	-9.200000e-01	-8.856007e-01	6.612233e-03
72	-9.200000e-01	-8.860784e-01	6.537232e-03
73	-9.200000e-01	-8.865431e-01	6.463783e-03
74	-9.200000e-01	-8.869952e-01	6.391847e-03
75	-9.200000e-01	-8.874353e-01	6.321382e-03
76	-9.200000e-01	-8.878638e-01	6.252351e-03
77	-9.200000e-01	-8.882811e-01	6.184715e-03
78	-9.200000e-01	-8.886878e-01	6.118438e-03
79	-9.200000e-01	-8.890841e-01	6.053483e-03
80	-9.200000e-01	-8.894706e-01	5.989815e-03
81	-9.200000e-01	-8.898475e-01	5.927400e-03
82	-9.200000e-01	-8.902152e-01	5.866204e-03
83	-9.200000e-01	-8.905741e-01	5.806196e-03
84	-9.200000e-01	-8.909244e-01	5.747344e-03
85	-9.200000e-01	-8.912664e-01	5.689618e-03
86	-9.200000e-01	-8.916005e-01	5.632988e-03
87	-9.200000e-01	-8.919270e-01	5.577425e-03
88	-9.200000e-01	-8.922460e-01	5.522902e-03
89	-9.200000e-01	-8.925578e-01	5.469391e-03
90	-9.200000e-01	-8.928627e-01	5.416867e-03
91	-9.200000e-01	-8.931610e-01	5.365305e-03
92	-9.200000e-01	-8.934527e-01	5.314678e-03
93	-9.200000e-01	-8.937381e-01	5.264965e-03
94	-9.200000e-01	-8.940175e-01	5.216141e-03
95	-9.200000e-01	-8.942910e-01	5.168184e-03
96	-9.200000e-01	-8.945588e-01	5.121072e-03
97	-9.200000e-01	-8.948211e-01	5.074785e-03
98	-9.200000e-01	-8.950780e-01	5.029301e-03
99	-9.200000e-01	-8.953298e-01	4.984602e-03
100	-9.200000e-01	-8.955765e-01	4.940667e-03
101	-9.200000e-01	-8.958183e-01	4.897479e-03
102	-9.200000e-01	-8.960554e-01	4.855018e-03
103	-9.200000e-01	-8.962878e-01	4.813269e-03
104	-9.200000e-01	-8.965158e-01	4.772212e-03
105	-9.200000e-01	-8.967395e-01	4.731833e-03
106	-9.200000e-01	-8.969589e-01	4.692114e-03
107	-9.200000e-01	-8.971743e-01	4.653041e-03
108	-9.200000e-01	-8.973856e-01	4.614599e-03
109	-9.200000e-01	-8.975931e-01	4.576772e-03
110	-9.200000e-01	-8.977968e-01	4.539547e-03
111	-9.200000e-01	-8.979968e-01	4.502909e-03
112	-9.200000e-01	-8.981933e-01	4.466846e-03
113	-9.200000e-01	-8.983863e-01	4.431344e-03
114	-9.200000e-01	-8.985759e-01	4.396390e-03
115	-9.200000e-01	-8.987621e-01	4.361973e-03
116	-9.200000e-01	-8.989452e-01	4.328081e-03
117	-9.200000e-01	-8.991252e-01	4.294701e-03
118	-9.200000e-01	-8.993021e-01	4.261823e-03
119	-9.200000e-01	-8.994760e-01	4.229435e-03
120	-9.200000e-01	-8.996471e-01	4.197528e-03
121	-9.200000e-01	-8.998153e-01	4.166090e-03
122	-9.200000e-01	-8.999807e-01	4.135112e-03
123	-9.200000e-01	-9.001435e-01	4.104583e-03
124	-9.200000e-01	-9.003036e-01	4.074495e-03
125	-9.200000e-01	-9.004612e-01	4.044838e-03
126	-9.200000e-01	-9.006162e-01	4.015603e-03
127	-9.200000e-01	-9.007689e-01	3.986781e-03
128	-9.200000e-01	-9.009191e-01	3.958364e-03
129	-9.200000e-01	-9.010670e-01	3.930344e-03
130	-9.200000e-01	-9.012127e-01	3.902712e-03
131	-9.200000e-01	-9.013561e-01	3.875460e-03
132	-9.200000e-01	-9.014973e-01	3.848581e-03
133	-9.200000e-01	-9.016364e-01	3.822067e-03
134	-9.200000e-01	-9.017735e-01	3.795912e-03
135	-9.200000e-01	-9.019085e-01	3.770107e-03
136	-9.200000e-01	-9.020415e-01	3.744647e-03
137	-9.200000e-01	-9.021726e-01	3.719523e-03
138	-9.200000e-01	-9.023018e-01	3.694731e-03
139	-9.200000e-01	-9.024291e-01	3.670263e-03
140	-9.200000e-01	-9.025546e-01	3.646113e-03
141	-9.200000e-01	-9.026783e-01	3.622276e-03
142	-9.200000e-01	-9.028003e-01	3.598744e-03
143	-9.200000e-01	-9.029206e-01	3.575513e-03
144	-9.200000e-01	-9.030392e-01	3.552577e-03
145	-9.200000e-01	-9.031562e-01	3.529930e-03
146	-9.200000e-01	-9.032716e-01	3.507567e-03
147	-9.200000e-01	-9.033854e-01	3.485482e-03
148	-9.200000e-01	-9.034976e-01	3.463671e-03
149	-9.200000e-01	-9.036084e-01	3.442129e-03
150	-9.200000e-01	-9.037176e-01	3.420850e-03
151	-9.200000e-01	-9.038255e-01	3.399831e-03
152	-9.200000e-01	-9.039319e-01	3.379065e-03
153	-9.200000e-01	-9.040369e-01	3.358549e-03
154	-9.200000e-01	-9.041406e-01	3.338279e-03
155	-9.200000e-01	-9.042429e-01	3.318250e-03
156	-9.639216e-01	-9.046254e-01	3.319031e-03
157	-1.000000e+00	-9.052329e-01	3.353307e-03
158	-1.000000e+00	-9.058327e-01	3.385570e-03
159	-1.000000e+00	-9.064250e-01	3.415942e-03
160	-1.000000e+00	-9.070098e-01	3.444539e-03
161	-1.000000e+00	-9.075874e-01	3.471463e-03
162	-1.000000e+00	-9.081578e-01	3.496811e-03
163	-1.000000e+00	-9.087213e-01	3.520672e-03
164	-1.000000e+00	-9.092779e-01	3.543127e-03
165	-1.000000e+00	-9.098277e-01	3.564252e-03
166	-1.000000e+00	-9.103709e-01	3.584119e-03
167	-1.000000e+00	-9.109076e-01	3.602793e-03
168	-1.000000e+00	-9.114379e-01	3.620334e-03
169	-9.247059e-01	-9.115164e-01	3.599705e-03
170	-9.388235e-01	-9.116770e-01	3.582071e-03
171	-1.000000e+00	-9.121936e-01	3.598324e-03
172	-1.000000e+00	-9.127041e-01	3.613584e-03
173	-1.000000e+00	-9.132087e-01	3.627900e-03
174	-1.000000e+00	-9.137075e-01	3.641315e-03
175	-1.000000e+00	-9.142006e-01	3.653873e-03
176	-1.000000e+00	-9.146881e-01	3.665614e-03
177	-1.000000e+00	-9.151700e-01	3.676576e-03
178	-1.000000e+00	-9.156466e-01	3.686795e-03
179	-1.000000e+00	-9.161179e-01	3.696304e-03
180	-1.000000e+00	-9.165839e-01	3.705134e-03
181	-1.000000e+00	-9.170447e-01	3.713317e-03
182	-1.000000e+00	-9.175005e-01	3.720880e-03
183	-1.000000e+00	-9.179514e-01	3.727851e-03
184	-1.000000e+00	-9.183973e-01	3.734255e-03
185	-1.000000e+00	-9.188384e-01	3.740117e-03
186	-1.000000e+00	-9.192747e-01	3.745459e-03
187	-1.000000e+00	-9.197064e-01	3.750304e-03
188	-1.000000e+00	-9.201335e-01	3.754673e-03
189	-1.000000e+00	-9.205561e-01	3.758584e-03
190	-1.000000e+00	-9.209742e-01	3.762058e-03
191	-1.000000e+00	-9.213879e-01	3.765112e-03
192	-1.000000e+00	-9.217974e-01	3.767763e-03
193	-1.000000e+00	-9.222026e-01	3.770028e-03
194	-1.000000e+00	-9.226036e-01	3.771923e-03
195	-1.000000e+00	-9.230005e-01	3.773461e-03
196	-1.000000e+00	-9.233934e-01	3.774659e-03
197	-1.000000e+00	-9.237822e-01	3.775529e-03
198	-1.000000e+00	-9.241672e-01	3.776084e-03
199	-1.000000e+00	-9.245482e-01	3.776336e-03
200	-1.000000e+00	-9.249255e-01	3.776299e-03
201	-1.000000e+00	-9.252990e-01	3.775983e-03
202	-1.000000e+00	-9.256688e-01	3.775399e-03
203	-1.000000e+00	-9.260350e-01	3.774557e-03
204	-1.000000e+00	-9.263975e-01	3.773468e-03
205	-1.000000e+00	-9.267566e-01	3.772141e-03
206	-1.000000e+00	-9.271121e-01	3.770586e-03
207	-1.000000e+00	-9.274642e-01	3.768811e-03
208	-1.000000e+00	-9.278130e-01	3.766826e-03
209	-1.000000e+00	-9.281584e-01	3.764637e-03
210	-1.000000e+00	-9.285005e-01	3.762253e-03
211	-1.000000e+00	-9.288393e-01	3.759682e-03
212	-1.000000e+00	-9.291750e-01	3.756931e-03
213	-1.000000e+00	-9.295075e-01	3.754006e-03
214	-1.000000e+00	-9.298369e-01	3.750915e-03
215	-1.000000e+00	-9.301632e-01	3.747664e-03
216	-1.000000e+00	-9.304866e-01	3.744259e-03
217	-1.000000e+00	-9.308069e-01	3.740705e-03
218	-1.000000e+00	-9.311243e-01	3.737010e-03
219	-1.000000e+00	-9.314388e-01	3.733178e-03
220	-1.000000e+00	-9.317504e-01	3.729215e-03
221	-1.000000e+00	-9.320593e-01	3.725125e-03
222	-1.000000e+00	-9.323653e-01	3.720914e-03
223	-1.000000e+00	-9.326686e-01	3.716587e-03
224	-1.000000e+00	-9.329692e-01	3.712148e-03
225	-1.000000e+00	-9.332671e-01	3.707601e-03
226	-1.000000e+00	-9.335624e-01	3.702951e-03
227	-1.000000e+00	-9.338551e-01	3.698202e-03
228	-1.000000e+00	-9.341452e-01	3.693357e-03
229	-1.000000e+00	-9.344327e-01	3.688422e-03
230	-1.000000e+00	-9.347178e-01	3.683398e-03
231	-1.000000e+00	-9.350004e-01	3.678291e-03
232	-1.000000e+00	-9.352806e-01	3.673102e-03
233	-1.000000e+00	-9.355584e-01	3.667837e-03
234	-1.000000e+00	-9.358338e-01	3.662497e-03
235	-1.000000e+00	-9.361068e-01	3.657086e-03
236	-1.000000e+00	-9.363775e-01	3.651607e-03
237	-1.000000e+00	-9.366460e-01	3.646063e-03
238	-1.000000e+00	-9.369122e-01	3.640456e-03
239	-1.000000e+00	-9.371761e-01	3.634790e-03
240	-1.000000e+00	-9.374379e-01	3.629066e-03
241	-1.000000e+00	-9.376975e-01	3.623287e-03
242	-9.984314e-01	-9.379485e-01	3.617001e-03
243	-1.000000e+00	-9.382038e-01	3.611126e-03
244	-1.000000e+00	-9.384571e-01	3.605202e-03
245	-1.000000e+00	-9.387083e-01	3.599233e-03
246	-1.000000e+00	-9.389574e-01	3.593221e-03
247	-1.000000e+00	-9.392046e-01	3.587167e-03
248	-1.000000e+00	-9.394497e-01	3.581074e-03
249	-1.000000e+00	-9.396929e-01	3.574943e-03
250	-1.000000e+00	-9.399341e-01	3.568777e-03
251	-1.000000e+00	-9.401734e-01	3.562577e-03
252	-1.000000e+00	-9.404108e-01	3.556345e-03
253	-1.000000e+00	-9.406464e-01	3.550082e-03
254	-1.000000e+00	-9.408800e-01	3.543790e-03
255	-1.000000e+00	-9.411119e-01	3.537471e-03
256	-1.000000e+00	-9.413419e-01	3.531126e-03
257	-1.000000e+00	-9.415702e-01	3.524757e-03
258	-1.000000e+00	-9.417966e-01	3.518365e-03
259	-1.000000e+00	-9.420213e-01	3.511952e-03
260	-1.000000e+00	-9.422443e-01	3.505518e-03
261	-1.000000e+00	-9.424656e-01	3.499065e-03
262	-1.000000e+00	-9.426852e-01	3.492595e-03
263	-1.000000e+00	-9.429032e-01	3.486108e-03
264	-1.000000e+00	-9.431194e-01	3.479606e-03
265	-1.000000e+00	-9.433341e-01	3.473089e-03
266	-1.000000e+00	-9.435471e-01	3.466560e-03
267	-1.000000e+00	-9.437585e-01	3.460018e-03
268	-1.000000e+00	-9.439684e-01	3.453465e-03
269	-1.000000e+00	-9.441767e-01	3.446903e-03
270	-1.000000e+00	-9.443834e-01	3.440331e-03
271	-1.000000e+00	-9.445887e-01	3.433751e-03
272	-1.000000e+00	-9.447924e-01	3.427164e-03
273	-1.000000e+00	-9.449946e-01	3.420570e-03
274	-1.000000e+00	-9.451954e-01	3.413971e-03
275	-1.000000e+00	-9.453947e-01	3.407367e-03
276	-1.000000e+00	-9.455925e-01	3.400758e-03
277	-1.000000e+00	-9.457889e-01	3.394147e-03
278	-1.000000e+00	-9.459839e-01	3.387533e-03
279	-1.000000e+00	-9.461775e-01	3.380918e-03
280	-1.000000e+00	-9.463697e-01	3.374301e-03
281	-1.000000e+00	-9.465606e-01	3.367684e-03
282	-1.000000e+00	-9.467501e-01	3.361067e-03
283	-1.000000e+00	-9.469383e-01	3.354451e-03
284	-1.000000e+00	-9.471251e-01	3.347836e-03
285	-1.000000e+00	-9.473106e-01	3.341223e-03
286	-1.000000e+00	-9.474949e-01	3.334613e-03
287	-1.000000e+00	-9.476778e-01	3.328006e-03
288	-1.000000e+00	-9.478595e-01	3.321403e-03
289	-1.000000e+00	-9.480399e-01	3.314804e-03
290	-1.000000e+00	-9.482191e-01	3.308209e-03
291	-1.000000e+00	-9.483970e-01	3.301620e-03
292	-1.000000e+00	-9.485737e-01	3.295036e-03
293	-1.000000e+00	-9.487492e-01	3.288458e-03
294	-1.000000e+00	-9.489236e-01	3.281886e-03
295	-1.000000e+00	-9.490967e-01	3.275322e-03
296	-1.000000e+00	-9.492687e-01	3.268765e-03
297	-1.000000e+00	-9.494395e-01	3.262215e-03
298	-1.000000e+00	-9.496092e-01	3.255674e-03
299	-1.000000e+00	-9.497777e-01	3.249141e-03
300	-1.000000e+00	-9.499451e-01	3.242616e-03
301	-1.000000e+00	-9.501114e-01	3.236101e-03
302	-1.000000e+00	-9.502766e-01	3.229596e-03
303	-1.000000e+00	-9.504407e-01	3.223100e-03
304	-1.000000e+00	-9.506037e-01	3.216614e-03
305	-1.000000e+00	-9.507657e-01	3.210138e-03
306	-1.000000e+00	-9.509266e-01	3.203673e-03
307	-1.000000e+00	-9.510864e-01	3.197219e-03
308	-1.000000e+00	-9.512452e-01	3.190776e-03
309	-1.000000e+00	-9.514030e-01	3.184345e-03
310	-1.000000e+00	-9.515598e-01	3.177925e-03
311	-1.000000e+00	-9.517155e-01	3.171517e-03
312	-1.000000e+00	-9.518703e-01	3.165121e-03
313	-1.000000e+00	-9.520241e-01	3.158738e-03
314	-1.000000e+00	-9.521768e-01	3.152367e-03
315	-1.000000e+00	-9.523287e-01	3.146009e-03
316	-1.000000e+00	-9.524795e-01	3.139664e-03
317	-1.000000e+00	-9.526294e-01	3.133332e-03
318	-1.000000e+00	-9.527784e-01	3.127013e-03
319	-1.000000e+00	-9.529264e-01	3.120708e-03
320	-1.000000e+00	-9.530735e-01	3.114417e-03
321	-1.000000e+00	-9.532197e-01	3.108139e-03
322	-1.000000e+00	-9.533650e-01	3.101875e-03
323	-1.000000e+00	-9.535094e-01	3.095626e-03
324	-1.000000e+00	-9.536529e-01	3.089391e-03
325	-1.000000e+00	-9.537955e-01	3.083170e-03
326	-1.000000e+00	-9.539372e-01	3.076964e-03
327	-1.000000e+00	-9.540781e-01	3.070772e-03
328	-1.000000e+00	-9.542181e-01	3.064596e-03
329	-1.000000e+00	-9.543572e-01	3.058434e-03
330	-1.000000e+00	-9.544955e-01	3.052287e-03
331	-1.000000e+00	-9.546330e-01	3.046156e-03
332	-1.000000e+00	-9.547697e-01	3.040039e-03
333	-1.000000e+00	-9.549055e-01	3.033938e-03
334	-1.000000e+00	-9.550405e-01	3.027853e-03
335	-1.000000e+00	-9.551747e-01	3.021783e-03
336	-1.000000e+00	-9.553081e-01	3.015728e-03
337	-1.000000e+00	-9.554407e-01	3.009689e-03
338	-1.000000e+00	-9.555726e-01	3.003666e-03
339	-1.000000e+00	-9.557036e-01	2.997659e-03
340	-1.000000e+00	-9.558339e-01	2.991667e-03
341	-1.000000e+00	-9.559634e-01	2.985692e-03
342	-1.000000e+00	-9.560922e-01	2.979732e-03
343	-1.000000e+00	-9.562202e-01	2.973789e-03
344	-1.000000e+00	-9.563475e-01	2.967861e-03
345	-1.000000e+00	-9.564740e-01	2.961950e-03
346	-1.000000e+00	-9.565998e-01	2.956055e-03
347	-1.000000e+00	-9.567249e-01	2.950176e-03
348	-1.000000e+00	-9.568492e-01	2.944314e-03
349	-1.000000e+00	-9.569729e-01	2.938468e-03
350	-1.000000e+00	-9.570958e-01	2.932638e-03
351	-1.000000e+00	-9.572180e-01	2.926824e-03
352	-1.000000e+00	-9.573396e-01	2.921027e-03
353	-1.000000e+00	-9.574604e-01	2.915247e-03
354	-1.000000e+00	-9.575806e-01	2.909482e-03
355	-1.000000e+00	-9.577001e-01	2.903735e-03
356	-1.000000e+00	-9.578189e-01	2.898004e-03
357	-1.000000e+00	-9.579371e-01	2.892289e-03
358	-1.000000e+00	-9.580546e-01	2.886591e-03
359	-1.000000e+00	-9.581714e-01	2.880909e-03
360	-1.000000e+00	-9.582876e-01	2.875244e-03
361	-1.000000e+00	-9.584031e-01	2.869596e-03
362	-1.000000e+00	-9.585180e-01	2.863964e-03
363	-1.000000e+00	-9.586323e-01	2.858348e-03
364	-1.000000e+00	-9.587460e-01	2.852750e-03
365	-1.000000e+00	-9.588590e-01	2.847167e-03
366	-1.000000e+00	-9.589714e-01	2.841602e-03
367	-1.000000e+00	-9.590832e-01	2.836053e-03
368	-1.000000e+00	-9.591944e-01	2.830520e-03
369	-1.000000e+00	-9.593050e-01	2.825004e-03
370	-1.000000e+00	-9.594149e-01	2.819505e-03
371	-1.000000e+00	-9.595243e-01	2.814022e-03
372	-1.000000e+00	-9.596331e-01	2.808555e-03
373	-1.000000e+00	-9.597414e-01	2.803106e-03
374	-1.000000e+00	-9.598490e-01	2.797672e-03
375	-1.000000e+00	-9.599561e-01	2.792255e-03
376	-1.000000e+00	-9.600626e-01	2.786855e-03
377	-1.000000e+00	-9.601685e-01	2.781471e-03
378	-1.000000e+00	-9.602739e-01	2.776103e-03
379	-1.000000e+00	-9.603787e-01	2.770752e-03
380	-1.000000e+00	-9.604830e-01	2.765418e-03
381	-1.000000e+00	-9.605867e-01	2.760099e-03
382	-1.000000e+00	-9.606899e-01	2.754797e-03
383	-1.000000e+00	-9.607925e-01	2.749511e-03
384	-1.000000e+00	-9.608946e-01	2.744242e-03
385	-1.000000e+00	-9.609962e-01	2.738989e-03
386	-1.000000e+00	-9.610972e-01	2.733752e-03
387	-1.000000e+00	-9.611978e-01	2.728531e-03
388	-1.000000e+00	-9.612978e-01	2.723326e-03
389	-1.000000e+00	-9.613972e-01	2.718138e-03
390	-1.000000e+00	-9.614962e-01	2.712966e-03
391	-1.000000e+00	-9.615947e-01	2.707810e-03
392	-1.000000e+00	-9.616927e-01	2.702669e-03
393	-1.000000e+00	-9.617902e-01	2.697545e-03
394	-1.000000e+00	-9.618871e-01	2.692437e-03
395	-1.000000e+00	-9.619836e-01	2.687345e-03
396	-1.000000e+00	-9.620796e-01	2.682269e-03
397	-1.000000e+00	-9.621751e-01	2.677208e-03
398	-1.000000e+00	-9.622702e-01	2.672164e-03
399	-1.000000e+00	-9.623647e-01	2.667135e-03
400	-1.000000e+00	-9.624588e-01	2.662122e-03
401	-1.000000e+00	-9.625524e-01	2.657125e-03
402	-1.000000e+00	-9.626456e-01	2.652143e-03
403	-1.000000e+00	-9.627383e-01	2.647177e-03
404	-1.000000e+00	-9.628305e-01	2.642227e-03
405	-1.000000e+00	-9.629223e-01	2.637292e-03
406	-1.000000e+00	-9.630136e-01	2.632373e-03
407	-1.000000e+00	-9.631045e-01	2.627469e-03
408	-1.000000e+00	-9.631949e-01	2.622581e-03
409	-1.000000e+00	-9.632849e-01	2.617708e-03
410	-1.000000e+00	-9.633745e-01	2.612851e-03
411	-9.466667e-01	-9.633338e-01	2.606803e-03
412	-9.482353e-01	-9.632972e-01	2.600726e-03
413	-1.000000e+00	-9.633860e-01	2.595943e-03
414	-1.000000e+00	-9.634745e-01	2.591175e-03
415	-1.000000e+00	-9.635625e-01	2.586421e-03
416	-1.000000e+00	-9.636501e-01	2.581683e-03
417	-1.000000e+00	-9.637372e-01	2.576959e-03
418	-1.000000e+00	-9.638240e-01	2.572250e-03
419	-1.000000e+00	-9.639103e-01	2.567556e-03
420	-1.000000e+00	-9.639963e-01	2.562876e-03
421	-1.000000e+00	-9.640818e-01	2.558211e-03
422	-1.000000e+00	-9.641669e-01	2.553560e-03
423	-1.000000e+00	-9.642516e-01	2.548925e-03
424	-1.000000e+00	-9.643359e-01	2.544303e-03
425	-1.000000e+00	-9.644198e-01	2.539696e-03
426	-1.000000e+00	-9.645034e-01	2.535104e-03
427	-1.000000e+00	-9.645865e-01	2.530526e-03
428	-1.000000e+00	-9.646692e-01	2.525962e-03
429	-1.000000e+00	-9.647516e-01	2.521412e-03
430	-1.000000e+00	-9.648336e-01	2.516877e-03
431	-1.000000e+00	-9.649152e-01	2.512356e-03
432	-1.000000e+00	-9.649964e-01	2.507849e-03
433	-1.000000e+00	-9.650772e-01	2.503356e-03
434	-1.000000e+00	-9.651577e-01	2.498877e-03
435	-1.000000e+00	-9.652378e-01	2.494412e-03
436	-1.000000e+00	-9.653175e-01	2.489961e-03
437	-1.000000e+00	-9.653969e-01	2.485524e-03
438	-1.000000e+00	-9.654759e-01	2.481101e-03
439	-1.000000e+00	-9.655545e-01	2.476692e-03
440	-1.000000e+00	-9.656328e-01	2.472296e-03
441	-1.000000e+00	-9.657107e-01	2.467915e-03
442	-1.000000e+00	-9.657883e-01	2.463547e-03
443	-1.000000e+00	-9.658655e-01	2.459192e-03
444	-1.000000e+00	-9.659424e-01	2.454851e-03
445	-1.000000e+00	-9.660189e-01	2.450524e-03
446	-1.000000e+00	-9.660951e-01	2.446210e-03
447	-1.000000e+00	-9.661710e-01	2.441910e-03
448	-1.000000e+00	-9.662465e-01	2.437623e-03
449	-1.000000e+00	-9.663217e-01	2.433349e-03
450	-1.000000e+00	-9.663965e-01	2.429089e-03
451	-1.000000e+00	-9.664710e-01	2.424842e-03
452	-1.000000e+00	-9.665452e-01	2.420608e-03
453	-1.000000e+00	-9.666191e-01	2.416388e-03
454	-1.000000e+00	-9.666926e-01	2.412180e-03
455	-1.000000e+00	-9.667658e-01	2.407986e-03
456	-1.000000e+00	-9.668387e-01	2.403805e-03
457	-1.000000e+00	-9.669112e-01	2.399636e-03
458	-1.000000e+00	-9.669835e-01	2.395481e-03
459	-1.000000e+00	-9.670554e-01	2.391338e-03
460	-1.000000e+00	-9.671270e-01	2.387209e-03
461	-1.000000e+00	-9.671983e-01	2.383092e-03
462	-1.000000e+00	-9.672693e-01	2.378988e-03
463	-1.000000e+00	-9.673400e-01	2.374896e-03
464	-1.000000e+00	-9.674104e-01	2.370818e-03
465	-1.000000e+00	-9.674805e-01	2.366751e-03
466	-1.000000e+00	-9.675503e-01	2.362698e-03
467	-1.000000e+00	-9.676198e-01	2.358657e-03
468	-1.000000e+00	-9.676890e-01	2.354628e-03
469	-1.000000e+00	-9.677578e-01	2.350612e-03
470	-1.000000e+00	-9.678264e-01	2.346609e-03
471	-1.000000e+00	-9.678948e-01	2.342617e-03
472	-1.000000e+00	-9.679628e-01	2.338638e-03
473	-1.000000e+00	-9.680305e-01	2.334671e-03
474	-1.000000e+00	-9.680980e-01	2.330717e-03
475	-1.000000e+00	-9.681651e-01	2.326774e-03
476	-1.000000e+00	-9.682320e-01	2.322844e-03
477	-1.000000e+00	-9.682986e-01	2.318926e-03
478	-1.000000e+00	-9.683649e-01	2.315020e-03
479	-1.000000e+00	-9.684310e-01	2.311125e-03
480	-1.000000e+00	-9.684967e-01	2.307243e-03
481	-1.000000e+00	-9.685622e-01	2.303373e-03
482	-1.000000e+00	-9.686275e-01	2.299514e-03
483	-1.000000e+00	-9.686924e-01	2.295667e-03
484	-1.000000e+00	-9.687571e-01	2.291832e-03
485	-1.000000e+00	-9.688215e-01	2.288009e-03
486	-1.000000e+00	-9.688857e-01	2.284197e-03
487	-1.000000e+00	-9.689496e-01	2.280397e-03
488	-1.000000e+00	-9.690132e-01	2.276609e-03
489	-1.000000e+00	-9.690765e-01	2.272832e-03
490	-1.000000e+00	-9.691397e-01	2.269067e-03
491	-1.000000e+00	-9.692025e-01	2.265313e-03
492	-1.000000e+00	-9.692651e-01	2.261570e-03
493	-1.000000e+00	-9.693274e-01	2.257839e-03
494	-1.000000e+00	-9.693895e-01	2.254119e-03
495	-1.000000e+00	-9.694514e-01	2.250411e-03
496	-1.000000e+00	-9.695130e-01	2.246713e-03
497	-1.000000e+00	-9.695743e-01	2.243027e-03
498	-1.000000e+00	-9.696354e-01	2.239352e-03
499	-1.000000e+00	-9.696963e-01	2.235688e-03
500	-1.000000e+00	-9.697569e-01	2.232035e-03
501	-1.000000e+00	-9.698172e-01	2.228394e-03
502	-1.000000e+00	-9.698774e-01	2.224763e-03
503	-1.000000e+00	-9.699372e-01	2.221143e-03
504	-1.000000e+00	-9.699969e-01	2.217534e-03
505	-1.000000e+00	-9.700563e-01	2.213936e-03
506	-1.000000e+00	-9.701155e-01	2.210348e-03
507	-1.000000e+00	-9.701744e-01	2.206772e-03
508	-1.000000e+00	-9.702331e-01	2.203206e-03
509	-1.000000e+00	-9.702916e-01	2.199650e-03
510	-1.000000e+00	-9.703499e-01	2.196106e-03
511	-1.000000e+00	-9.704079e-01	2.192572e-03
512	-1.000000e+00	-9.704657e-01	2.189048e-03
513	-1.000000e+00	-9.705233e-01	2.185536e-03
514	-1.000000e+00	-9.705806e-01	2.182033e-03
515	-1.000000e+00	-9.706377e-01	2.178541e-03
516	-1.000000e+00	-9.706946e-01	2.175060e-03
517	-1.000000e+00	-9.707513e-01	2.171588e-03
518	-1.000000e+00	-9.708078e-01	2.168127e-03
519	-1.000000e+00	-9.708640e-01	2.164677e-03
520	-1.000000e+00	-9.709201e-01	2.161236e-03
521	-1.000000e+00	-9.709759e-01	2.157806e-03
522	-1.000000e+00	-9.710315e-01	2.154386e-03
523	-1.000000e+00	-9.710869e-01	2.150976e-03
524	-1.000000e+00	-9.711420e-01	2.147576e-03
525	-1.000000e+00	-9.711970e-01	2.144186e-03
526	-1.000000e+00	-9.712518e-01	2.140806e-03
527	-1.000000e+00	-9.713063e-01	2.137437e-03
528	-1.000000e+00	-9.713607e-01	2.134077e-03
529	-1.000000e+00	-9.714148e-01	2.130726e-03
530	-1.000000e+00	-9.714687e-01	2.127386e-03
531	-1.000000e+00	-9.715225e-01	2.124056e-03
532	-1.000000e+00	-9.715760e-01	2.120735e-03
533	-1.000000e+00	-9.716293e-01	2.117424e-03
534	-1.000000e+00	-9.716825e-01	2.114123e-03
535	-1.000000e+00	-9.717354e-01	2.110831e-03
536	-1.000000e+00	-9.717881e-01	2.107549e-03
537	-1.000000e+00	-9.718407e-01	2.104277e-03
538	-1.000000e+00	-9.718930e-01	2.101014e-03
539	-1.000000e+00	-9.719451e-01	2.097761e-03
540	-1.000000e+00	-9.719971e-01	2.094517e-03
541	-1.000000e+00	-9.720489e-01	2.091282e-03
542	-1.000000e+00	-9.721004e-01	2.088057e-03
543	-1.000000e+00	-9.721518e-01	2.084841e-03
544	-1.000000e+00	-9.722030e-01	2.081635e-03
545	-1.000000e+00	-9.722540e-01	2.078438e-03
546	-1.000000e+00	-9.723048e-01	2.075250e-03
547	-1.000000e+00	-9.723555e-01	2.072071e-03
548	-1.000000e+00	-9.724059e-01	2.068902e-03
549	-1.000000e+00	-9.724562e-01	2.065741e-03
550	-1.000000e+00	-9.725062e-01	2.062590e-03
551	-1.000000e+00	-9.725561e-01	2.059448e-03
552	-1.000000e+00	-9.726059e-01	2.056315e-03
553	-1.000000e+00	-9.726554e-01	2.053191e-03
554	-1.000000e+00	-9.727047e-01	2.050076e-03
555	-1.000000e+00	-9.727539e-01	2.046969e-03
556	-1.000000e+00	-9.728029e-01	2.043872e-03
557	-1.000000e+00	-9.728518e-01	2.040783e-03
558	-1.000000e+00	-9.729004e-01	2.037704e-03
559	-1.000000e+00	-9.729489e-01	2.034633e-03
560	-1.000000e+00	-9.729972e-01	2.031571e-03
561	-1.000000e+00	-9.730453e-01	2.028517e-03
562	-1.000000e+00	-9.730933e-01	2.025472e-03
563	-1.000000e+00	-9.731411e-01	2.022436e-03
564	-1.000000e+00	-9.731887e-01	2.019409e-03
565	-1.000000e+00	-9.732362e-01	2.016390e-03
566	-1.000000e+00	-9.732834e-01	2.013380e-03
567	-1.000000e+00	-9.733306e-01	2.010378e-03
568	-1.000000e+00	-9.733775e-01	2.007385e-03
569	-1.000000e+00	-9.734243e-01	2.004400e-03
570	-1.000000e+00	-9.734709e-01	2.001423e-03
571	-1.000000e+00	-9.735174e-01	1.998455e-03
572	-1.000000e+00	-9.735637e-01	1.995495e-03
573	-1.000000e+00	-9.736098e-01	1.992544e-03
574	-1.000000e+00	-9.736558e-01	1.989601e-03
575	-1.000000e+00	-9.737016e-01	1.986666e-03
576	-1.000000e+00	-9.737473e-01	1.983740e-03
577	-1.000000e+00	-9.737928e-01	1.980821e-03
578	-1.000000e+00	-9.738381e-01	1.977911e-03
579	-1.000000e+00	-9.738833e-01	1.975009e-03
580	-1.000000e+00	-9.739283e-01	1.972115e-03
581	-1.000000e+00	-9.739732e-01	1.969229e-03
582	-1.000000e+00	-9.740179e-01	1.966351e-03
583	-1.000000e+00	-9.740625e-01	1.963481e-03
584	-1.000000e+00	-9.741069e-01	1.960619e-03
585	-1.000000e+00	-9.741512e-01	1.957765e-03
586	-1.000000e+00	-9.741953e-01	1.954919e-03
587	-1.000000e+00	-9.742392e-01	1.952081e-03
588	-1.000000e+00	-9.742830e-01	1.949251e-03
589	-1.000000e+00	-9.743267e-01	1.946428e-03
590	-1.000000e+00	-9.743702e-01	1.943614e-03
591	-1.000000e+00	-9.744136e-01	1.940807e-03
592	-1.000000e+00	-9.744568e-01	1.938008e-03
593	-1.000000e+00	-9.744999e-01	1.935216e-03
594	-1.000000e+00	-9.745428e-01	1.932432e-03
595	-1.000000e+00	-9.745856e-01	1.929656e-03
596	-1.000000e+00	-9.746282e-01	1.926888e-03
597	-1.000000e+00	-9.746707e-01	1.924127e-03
598	-1.000000e+00	-9.747131e-01	1.921373e-03
599	-1.000000e+00	-9.747553e-01	1.918628e-03
600	-1.000000e+00	-9.747974e-01	1.915889e-03
601	-1.000000e+00	-9.748393e-01	1.913158e-03
602	-1.000000e+00	-9.748811e-01	1.910435e-03
603	-1.000000e+00	-9.749228e-01	1.907719e-03
604	-1.000000e+00	-9.749643e-01	1.905010e-03
605	-1.000000e+00	-9.750057e-01	1.902309e-03
606	-1.000000e+00	-9.750469e-01	1.899615e-03
607	-1.000000e+00	-9.750880e-01	1.896929e-03
608	-1.000000e+00	-9.751290e-01	1.894249e-03
609	-1.000000e+00	-9.751698e-01	1.891577e-03
610	-1.000000e+00	-9.752105e-01	1.888912e-03
611	-1.000000e+00	-9.752511e-01	1.886255e-03
612	-1.000000e+00	-9.752916e-01	1.883604e-03
613	-1.000000e+00	-9.753319e-01	1.880961e-03
614	-1.000000e+00	-9.753720e-01	1.878325e-03
615	-1.000000e+00	-9.754121e-01	1.875696e-03
616	-1.000000e+00	-9.754520e-01	1.873074e-03
617	-1.000000e+00	-9.754918e-01	1.870458e-03
618	-1.000000e+00	-9.755314e-01	1.867850e-03
619	-1.000000e+00	-9.755710e-01	1.865249e-03
620	-1.000000e+00	-9.756104e-01	1.862655e-03
621	-1.000000e+00	-9.756496e-01	1.860068e-03
622	-1.000000e+00	-9.756888e-01	1.857488e-03
623	-1.000000e+00	-9.757278e-01	1.854914e-03
624	-1.000000e+00	-9.757667e-01	1.852348e-03
625	-1.000000e+00	-9.758055e-01	1.849788e-03
626	-1.000000e+00	-9.758441e-01	1.847235e-03
627	-1.000000e+00	-9.758827e-01	1.844689e-03
628	-1.000000e+00	-9.759211e-01	1.842150e-03
629	-1.000000e+00	-9.759594e-01	1.839617e-03
630	-1.000000e+00	-9.759975e-01	1.837091e-03
631	-1.000000e+00	-9.760355e-01	1.834572e-03
632	-1.000000e+00	-9.760735e-01	1.832059e-03
633	-1.000000e+00	-9.761113e-01	1.829553e-03
634	-1.000000e+00	-9.761489e-01	1.827054e-03
635	-1.000000e+00	-9.761865e-01	1.824561e-03
636	-1.000000e+00	-9.762239e-01	1.822074e-03
637	-9.592157e-01	-9.761972e-01	1.819408e-03
638	-1.000000e+00	-9.762346e-01	1.816937e-03
639	-1.000000e+00	-9.762717e-01	1.814472e-03
640	-1.000000e+00	-9.763088e-01	1.812014e-03
641	-1.000000e+00	-9.763458e-01	1.809563e-03
642	-1.000000e+00	-9.763826e-01	1.807118e-03
643	-1.000000e+00	-9.764194e-01	1.804679e-03
644	-1.000000e+00	-9.764560e-01	1.802246e-03
645	-1.000000e+00	-9.764925e-01	1.799820e-03
646	-1.000000e+00	-9.765289e-01	1.797400e-03
647	-1.000000e+00	-9.765651e-01	1.794987e-03
648	-1.000000e+00	-9.766013e-01	1.792579e-03
649	-1.000000e+00	-9.766374e-01	1.790178e-03
650	-1.000000e+00	-9.766733e-01	1.787783e-03
651	-1.000000e+00	-9.767091e-01	1.785395e-03
652	-1.000000e+00	-9.767449e-01	1.783012e-03
653	-1.000000e+00	-9.767805e-01	1.780636e-03
654	-1.000000e+00	-9.768160e-01	1.778265e-03
655	-1.000000e+00	-9.768514e-01	1.775901e-03
656	-1.000000e+00	-9.768867e-01	1.773543e-03
657	-1.000000e+00	-9.769218e-01	1.771191e-03
658	-1.000000e+00	-9.769569e-01	1.768845e-03
659	-1.000000e+00	-9.769919e-01	1.766505e-03
660	-9.529412e-01	-9.769554e-01	1.764203e-03
661	-9.200000e-01	-9.768693e-01	1.763638e-03
662	-9.764706e-01	-9.768687e-01	1.760972e-03
663	-1.000000e+00	-9.769036e-01	1.758660e-03
664	-1.000000e+00	-9.769383e-01	1.756354e-03
665	-1.000000e+00	-9.769730e-01	1.754053e-03
666	-1.000000e+00	-9.770076e-01	1.751759e-03
667	-1.000000e+00	-9.770421e-01	1.749470e-03
668	-1.000000e+00	-9.770764e-01	1.747187e-03
669	-1.000000e+00	-9.771107e-01	1.744910e-03
670	-1.000000e+00	-9.771449e-01	1.742639e-03
671	-1.000000e+00	-9.771789e-01	1.740373e-03
672	-1.000000e+00	-9.772129e-01	1.738113e-03
673	-1.000000e+00	-9.772467e-01	1.735859e-03
674	-1.000000e+00	-9.772805e-01	1.733610e-03
675	-1.000000e+00	-9.773142e-01	1.731367e-03
676	-1.000000e+00	-9.773477e-01	1.729130e-03
677	-1.000000e+00	-9.773812e-01	1.726898e-03
678	-1.000000e+00	-9.774145e-01	1.724672e-03
679	-1.000000e+00	-9.774478e-01	1.722451e-03
680	-1.000000e+00	-9.774810e-01	1.720236e-03
681	-1.000000e+00	-9.775140e-01	1.718026e-03
682	-1.000000e+00	-9.775470e-01	1.715822e-03
683	-1.000000e+00	-9.775799e-01	1.713623e-03
684	-1.000000e+00	-9.776127e-01	1.711430e-03
685	-1.000000e+00	-9.776453e-01	1.709242e-03
686	-1.000000e+00	-9.776779e-01	1.707060e-03
687	-1.000000e+00	-9.777104e-01	1.704883e-03
688	-1.000000e+00	-9.777428e-01	1.702712e-03
689	-1.000000e+00	-9.777751e-01	1.700545e-03
690	-1.000000e+00	-9.778073e-01	1.698384e-03
691	-1.000000e+00	-9.778394e-01	1.696229e-03
692	-1.000000e+00	-9.778715e-01	1.694079e-03
693	-1.000000e+00	-9.779034e-01	1.691934e-03
694	-1.000000e+00	-9.779352e-01	1.689794e-03
695	-1.000000e+00	-9.779670e-01	1.687659e-03
696	-1.000000e+00	-9.779986e-01	1.685530e-03
697	-1.000000e+00	-9.780302e-01	1.683406e-03
698	-1.000000e+00	-9.780617e-01	1.681287e-03
699	-1.000000e+00	-9.780931e-01	1.679174e-03
700	-1.000000e+00	-9.781244e-01	1.677065e-03
701	-9.858824e-01	-9.781354e-01	1.674708e-03
702	-1.000000e+00	-9.781666e-01	1.672610e-03
703	-1.000000e+00	-9.781976e-01	1.670518e-03
704	-1.000000e+00	-9.782286e-01	1.668431e-03
705	-1.000000e+00	-9.782595e-01	1.666349e-03
706	-1.000000e+00	-9.782903e-01	1.664272e-03
707	-1.000000e+00	-9.783210e-01	1.662200e-03
708	-1.000000e+00	-9.783516e-01	1.660133e-03
709	-1.000000e+00	-9.783821e-01	1.658071e-03
710	-1.000000e+00	-9.784126e-01	1.656014e-03
711	-9.686275e-01	-9.783988e-01	1.653740e-03
712	-9.200000e-01	-9.783168e-01	1.653452e-03
713	-9.576471e-01	-9.782878e-01	1.651385e-03
714	-1.000000e+00	-9.783182e-01	1.649351e-03
715	-1.000000e+00	-9.783486e-01	1.647322e-03
716	-1.000000e+00	-9.783788e-01	1.645298e-03
717	-1.000000e+00	-9.784089e-01	1.643278e-03
718	-1.000000e+00	-9.784390e-01	1.641263e-03
719	-1.000000e+00	-9.784690e-01	1.639253e-03
720	-1.000000e+00	-9.784989e-01	1.637248e-03
721	-1.000000e+00	-9.785287e-01	1.635248e-03
722	-1.000000e+00	-9.785585e-01	1.633252e-03
723	-1.000000e+00	-9.785881e-01	1.631261e-03
724	-1.000000e+00	-9.786177e-01	1.629275e-03
725	-1.000000e+00	-9.786472e-01	1.627293e-03
726	-1.000000e+00	-9.786766e-01	1.625316e-03
727	-1.000000e+00	-9.787059e-01	1.623344e-03
728	-1.000000e+00	-9.787352e-01	1.621377e-03
729	-1.000000e+00	-9.787644e-01	1.619414e-03
730	-1.000000e+00	-9.787934e-01	1.617455e-03
731	-1.000000e+00	-9.788225e-01	1.615502e-03
732	-1.000000e+00	-9.788514e-01	1.613553e-03
733	-1.000000e+00	-9.788802e-01	1.611608e-03
734	-1.000000e+00	-9.789090e-01	1.609668e-03
735	-1.000000e+00	-9.789377e-01	1.607733e-03
736	-1.000000e+00	-9.789663e-01	1.605802e-03
737	-1.000000e+00	-9.789949e-01	1.603875e-03
738	-1.000000e+00	-9.790233e-01	1.601954e-03
739	-1.000000e+00	-9.790517e-01	1.600036e-03
740	-1.000000e+00	-9.790800e-01	1.598123e-03
741	-1.000000e+00	-9.791083e-01	1.596215e-03
742	-1.000000e+00	-9.791364e-01	1.594311e-03
743	-1.000000e+00	-9.791645e-01	1.592411e-03
744	-1.000000e+00	-9.791925e-01	1.590516e-03
745	-1.000000e+00	-9.792204e-01	1.588625e-03
746	-1.000000e+00	-9.792483e-01	1.586739e-03
747	-1.000000e+00	-9.792761e-01	1.584857e-03
748	-1.000000e+00	-9.793038e-01	1.582979e-03
749	-1.000000e+00	-9.793314e-01	1.581105e-03
750	-1.000000e+00	-9.793590e-01	1.579236e-03
751	-1.000000e+00	-9.793864e-01	1.577372e-03
752	-1.000000e+00	-9.794139e-01	1.575511e-03
753	-1.000000e+00	-9.794412e-01	1.573655e-03
754	-1.000000e+00	-9.794685e-01	1.571803e-03
755	-1.000000e+00	-9.794956e-01	1.569955e-03
756	-1.000000e+00	-9.795228e-01	1.568112e-03
757	-1.000000e+00	-9.795498e-01	1.566273e-03
758	-1.000000e+00	-9.795768e-01	1.564437e-03
759	-1.000000e+00	-9.796037e-01	1.562607e-03
760	-1.000000e+00	-9.796305e-01	1.560780e-03
761	-1.000000e+00	-9.796573e-01	1.558957e-03
762	-1.000000e+00	-9.796840e-01	1.557139e-03
763	-1.000000e+00	-9.797106e-01	1.555325e-03
764	-1.000000e+00	-9.797372e-01	1.553515e-03
765	-1.000000e+00	-9.797637e-01	1.551709e-03
766	-1.000000e+00	-9.797901e-01	1.549907e-03
767	-1.000000e+00	-9.798164e-01	1.548109e-03
768	-1.000000e+00	-9.798427e-01	1.546315e-03
769	-1.000000e+00	-9.798689e-01	1.544526e-03
770	-1.000000e+00	-9.798951e-01	1.542740e-03
771	-1.000000e+00	-9.799212e-01	1.540958e-03
772	-1.000000e+00	-9.799472e-01	1.539181e-03
773	-1.000000e+00	-9.799731e-01	1.537407e-03
774	-1.000000e+00	-9.799990e-01	1.535638e-03
775	-1.000000e+00	-9.800248e-01	1.533872e-03
776	-1.000000e+00	-9.800505e-01	1.532110e-03
777	-1.000000e+00	-9.800762e-01	1.530353e-03
778	-1.000000e+00	-9.801018e-01	1.528599e-03
779	-9.952941e-01	-9.801213e-01	1.526760e-03
780	-9.200000e-01	-9.800442e-01	1.526748e-03
781	-9.200000e-01	-9.799674e-01	1.526729e-03
782	-9.200000e-01	-9.798907e-01	1.526703e-03
783	-9.200000e-01	-9.798142e-01	1.526669e-03
784	-9.200000e-01	-9.797379e-01	1.526628e-03
785	-9.200000e-01	-9.796618e-01	1.526580e-03
786	-9.200000e-01	-9.795859e-01	1.526525e-03
787	-9.200000e-01	-9.795102e-01	1.526463e-03
788	-9.200000e-01	-9.794347e-01	1.526394e-03
789	-9.200000e-01	-9.793593e-01	1.526318e-03
790	-9.200000e-01	-9.792842e-01	1.526235e-03
791	-9.200000e-01	-9.792092e-01	1.526146e-03
792	-9.200000e-01	-9.791345e-01	1.526050e-03
793	-9.200000e-01	-9.790599e-01	1.525948e-03
794	-9.200000e-01	-9.789855e-01	1.525839e-03
795	-9.200000e-01	-9.789113e-01	1.525723e-03
796	-9.200000e-01	-9.788373e-01	1.525602e-03
797	-9.200000e-01	-9.787635e-01	1.525474e-03
798	-9.200000e-01	-9.786899e-01	1.525339e-03
799	-9.200000e-01	-9.786164e-01	1.525199e-03
800	-9.200000e-01	-9.785431e-01	1.525052e-03
801	-9.200000e-01	-9.784700e-01	1.524900e-03
802	-9.200000e-01	-9.783971e-01	1.524741e-03
803	-9.200000e-01	-9.783244e-01	1.524577e-03
804	-9.200000e-01	-9.782519e-01	1.524406e-03
805	-9.200000e-01	-9.781795e-01	1.524230e-03
806	-9.200000e-01	-9.781073e-01	1.524048e-03
807	-9.200000e-01	-9.780353e-01	1.523861e-03
808	-9.200000e-01	-9.779635e-01	1.523667e-03
809	-9.200000e-01	-9.778919e-01	1.523469e-03
810	-9.200000e-01	-9.778204e-01	1.523264e-03
811	-9.200000e-01	-9.777491e-01	1.523054e-03
812	-9.200000e-01	-9.776780e-01	1.522839e-03
813	-9.200000e-01	-9.776070e-01	1.522619e-03
814	-9.200000e-01	-9.775363e-01	1.522393e-03
815	-9.200000e-01	-9.774657e-01	1.522162e-03
816	-9.200000e-01	-9.773952e-01	1.521925e-03
817	-9.200000e-01	-9.773250e-01	1.521684e-03
818	-9.200000e-01	-9.772549e-01	1.521437e-03
819	-9.200000e-01	-9.771850e-01	1.521186e-03
820	-9.200000e-01	-9.771153e-01	1.520929e-03
821	-9.200000e-01	-9.770457e-01	1.520668e-03
822	-9.200000e-01	-9.769763e-01	1.520401e-03
823	-9.200000e-01	-9.769071e-01	1.520130e-03
824	-9.200000e-01	-9.768380e-01	1.519854e-03
825	-9.200000e-01	-9.767691e-01	1.519573e-03
826	-9.200000e-01	-9.767004e-01	1.519288e-03
827	-9.200000e-01	-9.766318e-01	1.518997e-03
828	-9.200000e-01	-9.765634e-01	1.518703e-03
829	-9.200000e-01	-9.764952e-01	1.518403e-03
830	-9.200000e-01	-9.764271e-01	1.518100e-03
831	-9.200000e-01	-9.763592e-01	1.517791e-03
832	-9.200000e-01	-9.762915e-01	1.517479e-03
833	-9.200000e-01	-9.762239e-01	1.517162e-03
834	-9.200000e-01	-9.761565e-01	1.516840e-03
835	-9.200000e-01	-9.760892e-01	1.516514e-03
836	-9.200000e-01	-9.760221e-01	1.516185e-03
837	-9.200000e-01	-9.759552e-01	1.515850e-03
838	-9.200000e-01	-9.758884e-01	1.515512e-03
839	-9.200000e-01	-9.758218e-01	1.515170e-03
840	-9.200000e-01	-9.757554e-01	1.514823e-03
841	-9.200000e-01	-9.756891e-01	1.514473e-03
842	-9.200000e-01	-9.756229e-01	1.514118e-03
843	-9.200000e-01	-9.755570e-01	1.513760e-03
844	-9.200000e-01	-9.754911e-01	1.513397e-03
845	-9.200000e-01	-9.754255e-01	1.513031e-03
846	-9.200000e-01	-9.753599e-01	1.512661e-03
847	-9.200000e-01	-9.752946e-01	1.512287e-03
848	-9.200000e-01	-9.752294e-01	1.511909e-03
849	-9.200000e-01	-9.751643e-01	1.511528e-03
850	-9.200000e-01	-9.750994e-01	1.511143e-03
851	-9.200000e-01	-9.750347e-01	1.510754e-03
852	-9.200000e-01	-9.749701e-01	1.510362e-03
853	-9.200000e-01	-9.749056e-01	1.509966e-03
854	-9.200000e-01	-9.748413e-01	1.509567e-03
855	-9.200000e-01	-9.747772e-01	1.509164e-03
856	-9.200000e-01	-9.747132e-01	1.508757e-03
857	-9.200000e-01	-9.746494e-01	1.508348e-03
858	-9.200000e-01	-9.745857e-01	1.507934e-03
859	-9.200000e-01	-9.745221e-01	1.507518e-03
860	-9.200000e-01	-9.744587e-01	1.507098e-03
861	-9.200000e-01	-9.743955e-01	1.506675e-03
862	-9.513725e-01	-9.743688e-01	1.505163e-03
863	-1.000000e+00	-9.743985e-01	1.503711e-03
864	-1.000000e+00	-9.744281e-01	1.502262e-03
865	-1.000000e+00	-9.744577e-01	1.500815e-03
866	-1.000000e+00	-9.744872e-01	1.499371e-03
867	-1.000000e+00	-9.745166e-01	1.497930e-03
868	-1.000000e+00	-9.745459e-01	1.496491e-03
869	-1.000000e+00	-9.745752e-01	1.495055e-03
870	-1.000000e+00	-9.746045e-01	1.493622e-03
871	-1.000000e+00	-9.746336e-01	1.492191e-03
872	-1.000000e+00	-9.746627e-01	1.490762e-03
873	-1.000000e+00	-9.746917e-01	1.489337e-03
874	-1.000000e+00	-9.747207e-01	1.487913e-03
875	-1.000000e+00	-9.747496e-01	1.486493e-03
876	-1.000000e+00	-9.747784e-01	1.485075e-03
877	-1.000000e+00	-9.748072e-01	1.483659e-03
878	-1.000000e+00	-9.748359e-01	1.482246e-03
879	-1.000000e+00	-9.748645e-01	1.480836e-03
880	-1.000000e+00	-9.748930e-01	1.479428e-03
881	-1.000000e+00	-9.749215e-01	1.478022e-03
882	-1.000000e+00	-9.749500e-01	1.476619e-03
883	-1.000000e+00	-9.749783e-01	1.475219e-03
884	-1.000000e+00	-9.750067e-01	1.473821e-03
885	-1.000000e+00	-9.750349e-01	1.472425e-03
886	-1.000000e+00	-9.750631e-01	1.471033e-03
887	-1.000000e+00	-9.750912e-01	1.469642e-03
888	-1.000000e+00	-9.751192e-01	1.468254e-03
889	-1.000000e+00	-9.751472e-01	1.466869e-03
890	-1.000000e+00	-9.751751e-01	1.465486e-03
891	-1.000000e+00	-9.752030e-01	1.464105e-03
892	-1.000000e+00	-9.752308e-01	1.462727e-03
893	-1.000000e+00	-9.752585e-01	1.461351e-03
894	-1.000000e+00	-9.752862e-01	1.459978e-03
895	-1.000000e+00	-9.753138e-01	1.458607e-03
896	-1.000000e+00	-9.753414e-01	1.457239e-03
897	-1.000000e+00	-9.753689e-01	1.455873e-03
898	-1.000000e+00	-9.753963e-01	1.454510e-03
899	-1.000000e+00	-9.754237e-01	1.453148e-03
900	-1.000000e+00	-9.754510e-01	1.451790e-03
901	-1.000000e+00	-9.754782e-01	1.450434e-03
902	-1.000000e+00	-9.755054e-01	1.449080e-03
903	-1.000000e+00	-9.755325e-01	1.447728e-03
904	-1.000000e+00	-9.755596e-01	1.446379e-03
905	-1.000000e+00	-9.755866e-01	1.445032e-03
906	-1.000000e+00	-9.756136e-01	1.443688e-03
907	-1.000000e+00	-9.756404e-01	1.442346e-03
908	-1.000000e+00	-9.756673e-01	1.441006e-03
909	-1.000000e+00	-9.756940e-01	1.439669e-03
910	-1.000000e+00	-9.757207e-01	1.438334e-03
911	-1.000000e+00	-9.757474e-01	1.437002e-03
912	-1.000000e+00	-9.757740e-01	1.435671e-03
913	-1.000000e+00	-9.758005e-01	1.434344e-03
914	-1.000000e+00	-9.758270e-01	1.433018e-03
915	-1.000000e+00	-9.758534e-01	1.431695e-03
916	-1.000000e+00	-9.758798e-01	1.430374e-03
917	-1.000000e+00	-9.759061e-01	1.429055e-03
918	-1.000000e+00	-9.759323e-01	1.427739e-03
919	-1.000000e+00	-9.759585e-01	1.426425e-03
920	-1.000000e+00	-9.759847e-01	1.425113e-03
921	-1.000000e+00	-9.760107e-01	1.423804e-03
922	-1.000000e+00	-9.760367e-01	1.422497e-03
923	-1.000000e+00	-9.760627e-01	1.421192e-03
924	-1.000000e+00	-9.760886e-01	1.419889e-03
925	-1.000000e+00	-9.761145e-01	1.418589e-03
926	-1.000000e+00	-9.761403e-01	1.417291e-03
927	-1.000000e+00	-9.761660e-01	1.415995e-03
928	-1.000000e+00	-9.761917e-01	1.414702e-03
929	-1.000000e+00	-9.762173e-01	1.413410e-03
930	-1.000000e+00	-9.762429e-01	1.412121e-03
931	-1.000000e+00	-9.762684e-01	1.410835e-03
932	-1.000000e+00	-9.762939e-01	1.409550e-03
933	-1.000000e+00	-9.763193e-01	1.408268e-03
934	-1.000000e+00	-9.763446e-01	1.406988e-03
935	-1.000000e+00	-9.763699e-01	1.405710e-03
936	-1.000000e+00	-9.763952e-01	1.404434e-03
937	-1.000000e+00	-9.764204e-01	1.403160e-03
938	-1.000000e+00	-9.764455e-01	1.401889e-03
939	-1.000000e+00	-9.764706e-01	1.400620e-03
940	-1.000000e+00	-9.764956e-01	1.399353e-03
941	-1.000000e+00	-9.765206e-01	1.398088e-03
942	-1.000000e+00	-9.765455e-01	1.396826e-03
943	-1.000000e+00	-9.765704e-01	1.395565e-03
944	-1.000000e+00	-9.765952e-01	1.394307e-03
945	-1.000000e+00	-9.766200e-01	1.393051e-03
946	-1.000000e+00	-9.766447e-01	1.391797e-03
947	-1.000000e+00	-9.766694e-01	1.390546e-03
948	-1.000000e+00	-9.766940e-01	1.389296e-03
949	-1.000000e+00	-9.767185e-01	1.388048e-03
950	-1.000000e+00	-9.767430e-01	1.386803e-03
951	-1.000000e+00	-9.767675e-01	1.385560e-03
952	-1.000000e+00	-9.767919e-01	1.384319e-03
953	-1.000000e+00	-9.768162e-01	1.383080e-03
954	-1.000000e+00	-9.768405e-01	1.381843e-03
955	-1.000000e+00	-9.768648e-01	1.380608e-03
956	-1.000000e+00	-9.768890e-01	1.379376e-03
957	-1.000000e+00	-9.769131e-01	1.378145e-03
958	-1.000000e+00	-9.769372e-01	1.376917e-03
959	-1.000000e+00	-9.769613e-01	1.375691e-03
960	-1.000000e+00	-9.769853e-01	1.374466e-03
961	-1.000000e+00	-9.770092e-01	1.373244e-03
962	-1.000000e+00	-9.770331e-01	1.372024e-03
963	-1.000000e+00	-9.770570e-01	1.370806e-03
964	-1.000000e+00	-9.770808e-01	1.369590e-03
965	-1.000000e+00	-9.771045e-01	1.368376e-03
966	-1.000000e+00	-9.771282e-01	1.367165e-03
967	-1.000000e+00	-9.771519e-01	1.365955e-03
968	-1.000000e+00	-9.771755e-01	1.364747e-03
969	-1.000000e+00	-9.771991e-01	1.363541e-03
970	-1.000000e+00	-9.772226e-01	1.362338e-03
971	-1.000000e+00	-9.772460e-01	1.361136e-03
972	-1.000000e+00	-9.772694e-01	1.359937e-03
973	-1.000000e+00	-9.772928e-01	1.358739e-03
974	-1.000000e+00	-9.773161e-01	1.357543e-03
975	-1.000000e+00	-9.773394e-01	1.356350e-03
976	-1.000000e+00	-9.773626e-01	1.355158e-03
977	-1.000000e+00	-9.773858e-01	1.353969e-03
978	-1.000000e+00	-9.774089e-01	1.352781e-03
979	-1.000000e+00	-9.774320e-01	1.351596e-03
980	-1.000000e+00	-9.774550e-01	1.350412e-03
981	-1.000000e+00	-9.774780e-01	1.349231e-03
982	-1.000000e+00	-9.775009e-01	1.348051e-03
983	-1.000000e+00	-9.775238e-01	1.346874e-03
984	-1.000000e+00	-9.775466e-01	1.345698e-03
985	-1.000000e+00	-9.775694e-01	1.344525e-03
986	-1.000000e+00	-9.775922e-01	1.343353e-03
987	-1.000000e+00	-9.776149e-01	1.342183e-03
988	-1.000000e+00	-9.776375e-01	1.341015e-03
989	-1.000000e+00	-9.776601e-01	1.339850e-03
990	-1.000000e+00	-9.776827e-01	1.338686e-03
991	-1.000000e+00	-9.777052e-01	1.337524e-03
992	-1.000000e+00	-9.777277e-01	1.336364e-03
993	-1.000000e+00	-9.777501e-01	1.335206e-03
994	-1.000000e+00	-9.777725e-01	1.334050e-03
995	-1.000000e+00	-9.777949e-01	1.332895e-03
996	-1.000000e+00	-9.778172e-01	1.331743e-03
997	-1.000000e+00	-9.778394e-01	1.330593e-03
998	-1.000000e+00	-9.778616e-01	1.329444e-03
999	-1.000000e+00	-9.778838e-01	1.328298e-03
1000	-1.000000e+00	-9.779059e-01	1.327153e-03
