1	-9.200000e-01	-9.200000e-01	0.000000e+00
2	-9.200000e-01	-9.200000e-01	0.000000e+00
3	-9.200000e-01	-9.200000e-01	0.000000e+00
4	-9.200000e-01	-9.200000e-01	0.000000e+00
5	-9.200000e-01	-9.200000e-01	-nan
6	-9.200000e-01	-9.200000e-01	0.000000e+00
7	-9.200000e-01	-9.200000e-01	0.000000e+00
8	-9.200000e-01	-9.200000e-01	0.000000e+00
9	-9.200000e-01	-9.200000e-01	-nan
10	-9.200000e-01	-9.200000e-01	-nan
11	-9.200000e-01	-9.200000e-01	3.332001e-09
12	-9.200000e-01	-9.200000e-01	0.000000e+00
13	-9.200000e-01	-9.200000e-01	-nan
14	-9.200000e-01	-9.200000e-01	-nan
15	-9.200000e-01	-9.200000e-01	-nan
16	-9.200000e-01	-9.200000e-01	-nan
17	-9.200000e-01	-9.200000e-01	-nan
18	-9.200000e-01	-9.200000e-01	-nan
19	-9.200000e-01	-9.200000e-01	-nan
20	-9.200000e-01	-9.200000e-01	-nan
21	-1.000000e+00	-9.238095e-01	3.809524e-03
22	-9.717647e-01	-9.259893e-01	4.236107e-03
23	-9.733333e-01	-9.280477e-01	4.541075e-03
24	-1.000000e+00	-9.310458e-01	5.281191e-03
25	-1.000000e+00	-9.338039e-01	5.767773e-03
26	-9.294118e-01	-9.336350e-01	5.544071e-03
27	-9.200000e-01	-9.331300e-01	5.358634e-03
28	-9.200000e-01	-9.326611e-01	5.184957e-03
29	-9.200000e-01	-9.322245e-01	5.021985e-03
30	-9.200000e-01	-9.318170e-01	4.868781e-03
31	-9.200000e-01	-9.314358e-01	4.724508e-03
32	-9.200000e-01	-9.310784e-01	4.588423e-03
33	-9.200000e-01	-9.307427e-01	4.459860e-03
34	-9.200000e-01	-9.304268e-01	4.338221e-03
35	-9.200000e-01	-9.301289e-01	4.222970e-03
36	-9.200000e-01	-9.298475e-01	4.113622e-03
37	-9.200000e-01	-9.295813e-01	4.009741e-03
38	-9.200000e-01	-9.293292e-01	3.910932e-03
39	-9.058824e-01	-9.287280e-01	3.856482e-03
40	-9.105882e-01	-9.282745e-01	3.786091e-03
41	-9.200000e-01	-9.280727e-01	3.698104e-03
42	-9.200000e-01	-9.278805e-01	3.614095e-03
43	-9.200000e-01	-9.276972e-01	3.533801e-03
44	-9.200000e-01	-9.275223e-01	3.456982e-03
45	-9.200000e-01	-9.273551e-01	3.383419e-03
46	-9.278431e-01	-9.273657e-01	3.309066e-03
47	-1.000000e+00	-9.289111e-01	3.587793e-03
48	-1.000000e+00	-9.303922e-01	3.811735e-03
49	-1.000000e+00	-9.318127e-01	3.994284e-03
50	-1.000000e+00	-9.331765e-01	4.144386e-03
51	-1.000000e+00	-9.344867e-01	4.268391e-03
52	-1.000000e+00	-9.357466e-01	4.371007e-03
53	-1.000000e+00	-9.369589e-01	4.455836e-03
54	-1.000000e+00	-9.381264e-01	4.525705e-03
55	-1.000000e+00	-9.392513e-01	4.582879e-03
56	-1.000000e+00	-9.403361e-01	4.629197e-03
57	-1.000000e+00	-9.413829e-01	4.666177e-03
58	-1.000000e+00	-9.423935e-01	4.695082e-03
59	-1.000000e+00	-9.433699e-01	4.716977e-03
60	-1.000000e+00	-9.443137e-01	4.732762e-03
61	-1.000000e+00	-9.452266e-01	4.743206e-03
62	-1.000000e+00	-9.461101e-01	4.748972e-03
63	-1.000000e+00	-9.469655e-01	4.750629e-03
64	-1.000000e+00	-9.477941e-01	4.748673e-03
65	-1.000000e+00	-9.485973e-01	4.743536e-03
66	-1.000000e+00	-9.493761e-01	4.735594e-03
67	-1.000000e+00	-9.501317e-01	4.725180e-03
68	-1.000000e+00	-9.508651e-01	4.712585e-03
69	-1.000000e+00	-9.515772e-01	4.698065e-03
70	-1.000000e+00	-9.522689e-01	4.681850e-03
71	-1.000000e+00	-9.529412e-01	4.664141e-03
72	-9.764706e-01	-9.532680e-01	4.610501e-03
73	-9.450980e-01	-9.531561e-01	4.548282e-03
74	-1.000000e+00	-9.537891e-01	4.530838e-03
75	-1.000000e+00	-9.544052e-01	4.512283e-03
76	-1.000000e+00	-9.550052e-01	4.492751e-03
77	-1.000000e+00	-9.555895e-01	4.472358e-03
78	-9.749020e-01	-9.558371e-01	4.421586e-03
79	-1.000000e+00	-9.563961e-01	4.400907e-03
80	-1.000000e+00	-9.569412e-01	4.379596e-03
81	-1.000000e+00	-9.574728e-01	4.357734e-03
82	-1.000000e+00	-9.579914e-01	4.335395e-03
83	-1.000000e+00	-9.584975e-01	4.312645e-03
84	-1.000000e+00	-9.589916e-01	4.289544e-03
85	-1.000000e+00	-9.594740e-01	4.266146e-03
86	-1.000000e+00	-9.599453e-01	4.242500e-03
87	-1.000000e+00	-9.604057e-01	4.218650e-03
88	-1.000000e+00	-9.608556e-01	4.194636e-03
89	-1.000000e+00	-9.612954e-01	4.170495e-03
90	-1.000000e+00	-9.617255e-01	4.146258e-03
91	-1.000000e+00	-9.621461e-01	4.121957e-03
92	-1.000000e+00	-9.625575e-01	4.097617e-03
93	-1.000000e+00	-9.629602e-01	4.073263e-03
94	-1.000000e+00	-9.633542e-01	4.048917e-03
95	-1.000000e+00	-9.637399e-01	4.024599e-03
96	-1.000000e+00	-9.641176e-01	4.000327e-03
97	-9.827451e-01	-9.643097e-01	3.963527e-03
98	-9.435294e-01	-9.640976e-01	3.928601e-03
99	-1.000000e+00	-9.644603e-01	3.905589e-03
100	-1.000000e+00	-9.648157e-01	3.882635e-03
101	-1.000000e+00	-9.651640e-01	3.859754e-03
102	-1.000000e+00	-9.655056e-01	3.836956e-03
103	-1.000000e+00	-9.658405e-01	3.814252e-03
104	-1.000000e+00	-9.661689e-01	3.791652e-03
105	-1.000000e+00	-9.664911e-01	3.769164e-03
106	-9.576471e-01	-9.664077e-01	3.734368e-03
107	-9.858824e-01	-9.665897e-01	3.703778e-03
108	-1.000000e+00	-9.668991e-01	3.682341e-03
109	-1.000000e+00	-9.672027e-01	3.661018e-03
110	-1.000000e+00	-9.675009e-01	3.639816e-03
111	-1.000000e+00	-9.677937e-01	3.618739e-03
112	-1.000000e+00	-9.680812e-01	3.597794e-03
113	-1.000000e+00	-9.683637e-01	3.576983e-03
114	-1.000000e+00	-9.686412e-01	3.556311e-03
115	-1.000000e+00	-9.689139e-01	3.535782e-03
116	-1.000000e+00	-9.691819e-01	3.515398e-03
117	-1.000000e+00	-9.694453e-01	3.495161e-03
118	-1.000000e+00	-9.697042e-01	3.475075e-03
119	-1.000000e+00	-9.699588e-01	3.455142e-03
120	-1.000000e+00	-9.702092e-01	3.435361e-03
121	-9.325490e-01	-9.698979e-01	3.421039e-03
122	-9.200000e-01	-9.694889e-01	3.417445e-03
123	-9.200000e-01	-9.690866e-01	3.413343e-03
124	-9.200000e-01	-9.686907e-01	3.408768e-03
125	-9.200000e-01	-9.683012e-01	3.403750e-03
126	-9.200000e-01	-9.679178e-01	3.398318e-03
127	-9.921569e-01	-9.681087e-01	3.376852e-03
128	-1.000000e+00	-9.683578e-01	3.359618e-03
129	-1.000000e+00	-9.686031e-01	3.342485e-03
130	-1.000000e+00	-9.688446e-01	3.325455e-03
131	-1.000000e+00	-9.690825e-01	3.308531e-03
132	-1.000000e+00	-9.693167e-01	3.291715e-03
133	-1.000000e+00	-9.695474e-01	3.275007e-03
134	-1.000000e+00	-9.697747e-01	3.258410e-03
135	-1.000000e+00	-9.699985e-01	3.241924e-03
136	-1.000000e+00	-9.702191e-01	3.225550e-03
137	-1.000000e+00	-9.704365e-01	3.209290e-03
138	-1.000000e+00	-9.706508e-01	3.193143e-03
139	-1.000000e+00	-9.708619e-01	3.177112e-03
140	-1.000000e+00	-9.710700e-01	3.161196e-03
141	-9.749020e-01	-9.710972e-01	3.138813e-03
142	-1.000000e+00	-9.713007e-01	3.123270e-03
143	-9.545098e-01	-9.711833e-01	3.103574e-03
144	-9.200000e-01	-9.708279e-01	3.102375e-03
145	-9.137255e-01	-9.704341e-01	3.105972e-03
146	-9.200000e-01	-9.700886e-01	3.103907e-03
147	-9.200000e-01	-9.697479e-01	3.101493e-03
148	-9.200000e-01	-9.694118e-01	3.098751e-03
149	-9.200000e-01	-9.690801e-01	3.095697e-03
150	-9.200000e-01	-9.687529e-01	3.092349e-03
151	-9.200000e-01	-9.684301e-01	3.088723e-03
152	-9.200000e-01	-9.681115e-01	3.084834e-03
153	-9.200000e-01	-9.677970e-01	3.080696e-03
154	-9.200000e-01	-9.674866e-01	3.076323e-03
155	-9.200000e-01	-9.671803e-01	3.071727e-03
156	-9.200000e-01	-9.668778e-01	3.066921e-03
157	-9.200000e-01	-9.665792e-01	3.061917e-03
158	-9.200000e-01	-9.662844e-01	3.056726e-03
159	-9.200000e-01	-9.659933e-01	3.051357e-03
160	-9.200000e-01	-9.657059e-01	3.045822e-03
161	-9.200000e-01	-9.654220e-01	3.040128e-03
162	-9.200000e-01	-9.651416e-01	3.034286e-03
163	-8.776471e-01	-9.646048e-01	3.063013e-03
164	-8.400000e-01	-9.638451e-01	3.137660e-03
165	-8.400000e-01	-9.630945e-01	3.207638e-03
166	-8.258824e-01	-9.622679e-01	3.293662e-03
167	-8.400000e-01	-9.615358e-01	3.354747e-03
168	-8.400000e-01	-9.608123e-01	3.412286e-03
169	-8.180392e-01	-9.599675e-01	3.495655e-03
170	-7.741176e-01	-9.588743e-01	3.642939e-03
171	-7.600000e-01	-9.577113e-01	3.803732e-03
172	-8.133333e-01	-9.568719e-01	3.873596e-03
173	-8.400000e-01	-9.561963e-01	3.909944e-03
174	-8.400000e-01	-9.555285e-01	3.944349e-03
175	-8.400000e-01	-9.548683e-01	3.976921e-03
176	-8.400000e-01	-9.542157e-01	4.007760e-03
177	-8.400000e-01	-9.535704e-01	4.036959e-03
178	-8.400000e-01	-9.529324e-01	4.064605e-03
179	-8.400000e-01	-9.523015e-01	4.090779e-03
180	-8.400000e-01	-9.516776e-01	4.115553e-03
181	-8.400000e-01	-9.510606e-01	4.138999e-03
182	-8.400000e-01	-9.504503e-01	4.161181e-03
183	-8.400000e-01	-9.498468e-01	4.182160e-03
184	-8.400000e-01	-9.492498e-01	4.201994e-03
185	-8.400000e-01	-9.486592e-01	4.220735e-03
186	-8.400000e-01	-9.480751e-01	4.238435e-03
187	-8.400000e-01	-9.474971e-01	4.255140e-03
188	-8.400000e-01	-9.469253e-01	4.270895e-03
189	-8.400000e-01	-9.463596e-01	4.285742e-03
190	-8.400000e-01	-9.457998e-01	4.299721e-03
191	-8.400000e-01	-9.452459e-01	4.312870e-03
192	-8.400000e-01	-9.446977e-01	4.325224e-03
193	-8.196078e-01	-9.440496e-01	4.351297e-03
194	-8.400000e-01	-9.435132e-01	4.361909e-03
195	-8.400000e-01	-9.429824e-01	4.371830e-03
196	-8.400000e-01	-9.424570e-01	4.381088e-03
197	-8.400000e-01	-9.419369e-01	4.389710e-03
198	-8.854902e-01	-9.416518e-01	4.376778e-03
199	-9.200000e-01	-9.415430e-01	4.356088e-03
200	-9.200000e-01	-9.414353e-01	4.335591e-03
201	-9.200000e-01	-9.413287e-01	4.315285e-03
202	-9.200000e-01	-9.412231e-01	4.295167e-03
203	-9.200000e-01	-9.411185e-01	4.275235e-03
204	-9.200000e-01	-9.410150e-01	4.255485e-03
205	-9.200000e-01	-9.409125e-01	4.235917e-03
206	-9.200000e-01	-9.408110e-01	4.216526e-03
207	-9.200000e-01	-9.407104e-01	4.197311e-03
208	-8.823529e-01	-9.404299e-01	4.186495e-03
209	-8.400000e-01	-9.399493e-01	4.194034e-03
210	-8.400000e-01	-9.394734e-01	4.201063e-03
211	-8.400000e-01	-9.390020e-01	4.207600e-03
212	-8.400000e-01	-9.385350e-01	4.213663e-03
213	-8.400000e-01	-9.380724e-01	4.219271e-03
214	-8.196078e-01	-9.375188e-01	4.235837e-03
215	-8.400000e-01	-9.370652e-01	4.240417e-03
216	-8.400000e-01	-9.366158e-01	4.244595e-03
217	-8.400000e-01	-9.361706e-01	4.248384e-03
218	-8.400000e-01	-9.357294e-01	4.251799e-03
219	-8.400000e-01	-9.352923e-01	4.254853e-03
220	-8.400000e-01	-9.348592e-01	4.257560e-03
221	-7.741176e-01	-9.341318e-01	4.300208e-03
222	-8.337255e-01	-9.336796e-01	4.304620e-03
223	-8.400000e-01	-9.332595e-01	4.305815e-03
224	-8.400000e-01	-9.328431e-01	4.306721e-03
225	-8.400000e-01	-9.324305e-01	4.307347e-03
226	-8.400000e-01	-9.320215e-01	4.307705e-03
227	-8.400000e-01	-9.316161e-01	4.307803e-03
228	-8.400000e-01	-9.312143e-01	4.307650e-03
229	-8.400000e-01	-9.308160e-01	4.307254e-03
230	-8.400000e-01	-9.304211e-01	4.306625e-03
231	-8.400000e-01	-9.300297e-01	4.305771e-03
232	-8.400000e-01	-9.296416e-01	4.304698e-03
233	-8.400000e-01	-9.292569e-01	4.303415e-03
234	-8.400000e-01	-9.288755e-01	4.301929e-03
235	-8.400000e-01	-9.284973e-01	4.300247e-03
236	-8.400000e-01	-9.281223e-01	4.298375e-03
237	-8.400000e-01	-9.277505e-01	4.296320e-03
238	-8.400000e-01	-9.273818e-01	4.294088e-03
239	-8.400000e-01	-9.270162e-01	4.291685e-03
240	-8.400000e-01	-9.266536e-01	4.289117e-03
241	-8.400000e-01	-9.262940e-01	4.286390e-03
242	-8.400000e-01	-9.259374e-01	4.283509e-03
243	-8.400000e-01	-9.255838e-01	4.280480e-03
244	-9.043137e-01	-9.254966e-01	4.263792e-03
245	-9.200000e-01	-9.254742e-01	4.246412e-03
246	-9.200000e-01	-9.254519e-01	4.229174e-03
247	-9.200000e-01	-9.254299e-01	4.212075e-03
248	-9.200000e-01	-9.254080e-01	4.195113e-03
249	-9.200000e-01	-9.253863e-01	4.178288e-03
250	-9.200000e-01	-9.253647e-01	4.161597e-03
251	-9.200000e-01	-9.253433e-01	4.145039e-03
252	-9.200000e-01	-9.253221e-01	4.128612e-03
253	-9.200000e-01	-9.253011e-01	4.112315e-03
254	-9.200000e-01	-9.252802e-01	4.096146e-03
255	-9.200000e-01	-9.252595e-01	4.080103e-03
256	-9.200000e-01	-9.252390e-01	4.064186e-03
257	-9.200000e-01	-9.252186e-01	4.048392e-03
258	-9.200000e-01	-9.251984e-01	4.032721e-03
259	-9.200000e-01	-9.251783e-01	4.017171e-03
260	-9.200000e-01	-9.251584e-01	4.001740e-03
261	-9.200000e-01	-9.251386e-01	3.986427e-03
262	-9.200000e-01	-9.251190e-01	3.971231e-03
263	-9.200000e-01	-9.250995e-01	3.956150e-03
264	-9.200000e-01	-9.250802e-01	3.941184e-03
265	-9.200000e-01	-9.250610e-01	3.926330e-03
266	-8.556863e-01	-9.248002e-01	3.920227e-03
267	-8.400000e-01	-9.244826e-01	3.918409e-03
268	-8.400000e-01	-9.241674e-01	3.916468e-03
269	-8.901961e-01	-9.240411e-01	3.903925e-03
270	-9.200000e-01	-9.240261e-01	3.889468e-03
271	-9.200000e-01	-9.240113e-01	3.875117e-03
272	-9.200000e-01	-9.239965e-01	3.860872e-03
273	-9.200000e-01	-9.239819e-01	3.846732e-03
274	-9.200000e-01	-9.239674e-01	3.832695e-03
275	-9.200000e-01	-9.239529e-01	3.818759e-03
276	-9.200000e-01	-9.239386e-01	3.804925e-03
277	-9.200000e-01	-9.239244e-01	3.791191e-03
278	-9.200000e-01	-9.239103e-01	3.777555e-03
279	-9.200000e-01	-9.238963e-01	3.764017e-03
280	-9.168627e-01	-9.238711e-01	3.750634e-03
281	-8.400000e-01	-9.235727e-01	3.749163e-03
282	-8.400000e-01	-9.232763e-01	3.747580e-03
283	-8.400000e-01	-9.229821e-01	3.745891e-03
284	-8.400000e-01	-9.226899e-01	3.744096e-03
285	-8.400000e-01	-9.223997e-01	3.742200e-03
286	-8.400000e-01	-9.221116e-01	3.740206e-03
287	-8.400000e-01	-9.218255e-01	3.738116e-03
288	-8.400000e-01	-9.215414e-01	3.735933e-03
289	-8.400000e-01	-9.212592e-01	3.733660e-03
290	-8.400000e-01	-9.209790e-01	3.731299e-03
291	-8.400000e-01	-9.207008e-01	3.728852e-03
292	-8.400000e-01	-9.204244e-01	3.726324e-03
293	-8.400000e-01	-9.201499e-01	3.723714e-03
294	-8.400000e-01	-9.198773e-01	3.721027e-03
295	-8.180392e-01	-9.195321e-01	3.724425e-03
296	-7.600000e-01	-9.189931e-01	3.750746e-03
297	-7.600000e-01	-9.184578e-01	3.776233e-03
298	-7.600000e-01	-9.179260e-01	3.800918e-03
299	-7.600000e-01	-9.173979e-01	3.824829e-03
300	-8.023529e-01	-9.170144e-01	3.831299e-03
301	-8.400000e-01	-9.167585e-01	3.827111e-03
302	-8.400000e-01	-9.165044e-01	3.822876e-03
303	-8.400000e-01	-9.162519e-01	3.818595e-03
304	-8.400000e-01	-9.160010e-01	3.814270e-03
305	-8.588235e-01	-9.158136e-01	3.806363e-03
306	-9.200000e-01	-9.158272e-01	3.793928e-03
307	-9.200000e-01	-9.158408e-01	3.781574e-03
308	-9.200000e-01	-9.158543e-01	3.769300e-03
309	-9.200000e-01	-9.158678e-01	3.757106e-03
310	-9.200000e-01	-9.158811e-01	3.744990e-03
311	-9.200000e-01	-9.158943e-01	3.732953e-03
312	-9.011765e-01	-9.158472e-01	3.721268e-03
313	-9.200000e-01	-9.158604e-01	3.709384e-03
314	-9.200000e-01	-9.158736e-01	3.697575e-03
315	-9.200000e-01	-9.158867e-01	3.685841e-03
316	-9.200000e-01	-9.158997e-01	3.674182e-03
317	-9.200000e-01	-9.159127e-01	3.662596e-03
318	-8.666667e-01	-9.157578e-01	3.654343e-03
319	-9.200000e-01	-9.157711e-01	3.642893e-03
320	-9.200000e-01	-9.157843e-01	3.631515e-03
321	-9.200000e-01	-9.157974e-01	3.620208e-03
322	-9.200000e-01	-9.158105e-01	3.608972e-03
323	-9.200000e-01	-9.158235e-01	3.597804e-03
324	-9.200000e-01	-9.158364e-01	3.586706e-03
325	-9.200000e-01	-9.158492e-01	3.575676e-03
326	-9.200000e-01	-9.158619e-01	3.564714e-03
327	-9.200000e-01	-9.158746e-01	3.553818e-03
328	-9.200000e-01	-9.158871e-01	3.542989e-03
329	-9.200000e-01	-9.158996e-01	3.532226e-03
330	-9.200000e-01	-9.159121e-01	3.521528e-03
331	-9.200000e-01	-9.159244e-01	3.510894e-03
332	-9.200000e-01	-9.159367e-01	3.500325e-03
333	-9.200000e-01	-9.159489e-01	3.489819e-03
334	-9.200000e-01	-9.159610e-01	3.479376e-03
335	-9.200000e-01	-9.159731e-01	3.468995e-03
336	-9.200000e-01	-9.159851e-01	3.458676e-03
337	-9.200000e-01	-9.159970e-01	3.448418e-03
338	-9.200000e-01	-9.160088e-01	3.438221e-03
339	-9.200000e-01	-9.160206e-01	3.428084e-03
340	-9.200000e-01	-9.160323e-01	3.418006e-03
341	-9.200000e-01	-9.160439e-01	3.407988e-03
342	-9.200000e-01	-9.160555e-01	3.398028e-03
343	-9.200000e-01	-9.160670e-01	3.388127e-03
344	-9.200000e-01	-9.160784e-01	3.378282e-03
345	-9.074510e-01	-9.160534e-01	3.368569e-03
346	-8.400000e-01	-9.158336e-01	3.366004e-03
347	-8.400000e-01	-9.156151e-01	3.363397e-03
348	-8.400000e-01	-9.153978e-01	3.360749e-03
349	-8.400000e-01	-9.151818e-01	3.358062e-03
350	-8.400000e-01	-9.149669e-01	3.355337e-03
351	-8.400000e-01	-9.147534e-01	3.352574e-03
352	-8.400000e-01	-9.145410e-01	3.349775e-03
353	-8.400000e-01	-9.143298e-01	3.346940e-03
354	-8.901961e-01	-9.142617e-01	3.338168e-03
355	-9.200000e-01	-9.142778e-01	3.328791e-03
356	-9.200000e-01	-9.142939e-01	3.319466e-03
357	-9.200000e-01	-9.143099e-01	3.310193e-03
358	-9.200000e-01	-9.143258e-01	3.300972e-03
359	-9.200000e-01	-9.143416e-01	3.291803e-03
360	-9.200000e-01	-9.143573e-01	3.282684e-03
361	-9.200000e-01	-9.143729e-01	3.273615e-03
362	-8.494118e-01	-9.141935e-01	3.269488e-03
363	-8.400000e-01	-9.139891e-01	3.266868e-03
364	-8.400000e-01	-9.137858e-01	3.264216e-03
365	-8.400000e-01	-9.135837e-01	3.261532e-03
366	-8.400000e-01	-9.133826e-01	3.258816e-03
367	-8.792157e-01	-9.132895e-01	3.251257e-03
368	-8.839216e-01	-9.132097e-01	3.243392e-03
369	-8.603922e-01	-9.130666e-01	3.237756e-03
370	-9.200000e-01	-9.130853e-01	3.229048e-03
371	-9.200000e-01	-9.131040e-01	3.220386e-03
372	-9.200000e-01	-9.131225e-01	3.211771e-03
373	-9.200000e-01	-9.131409e-01	3.203202e-03
374	-9.200000e-01	-9.131593e-01	3.194679e-03
375	-9.200000e-01	-9.131775e-01	3.186200e-03
376	-9.200000e-01	-9.131957e-01	3.177767e-03
377	-9.105882e-01	-9.131887e-01	3.169334e-03
378	-9.200000e-01	-9.132068e-01	3.160990e-03
379	-9.200000e-01	-9.132247e-01	3.152689e-03
380	-9.200000e-01	-9.132425e-01	3.144432e-03
381	-9.200000e-01	-9.132603e-01	3.136219e-03
382	-9.200000e-01	-9.132779e-01	3.128048e-03
383	-9.200000e-01	-9.132954e-01	3.119919e-03
384	-9.200000e-01	-9.133129e-01	3.111833e-03
385	-8.682353e-01	-9.131958e-01	3.105947e-03
386	-8.400000e-01	-9.130062e-01	3.103688e-03
387	-8.400000e-01	-9.128176e-01	3.101401e-03
388	-8.007843e-01	-9.125288e-01	3.106844e-03
389	-7.600000e-01	-9.121367e-01	3.123556e-03
390	-7.600000e-01	-9.117466e-01	3.139863e-03
391	-7.600000e-01	-9.113585e-01	3.155777e-03
392	-7.600000e-01	-9.109724e-01	3.171310e-03
393	-7.600000e-01	-9.105882e-01	3.186471e-03
394	-7.600000e-01	-9.102060e-01	3.201271e-03
395	-7.600000e-01	-9.098258e-01	3.215720e-03
396	-7.678431e-01	-9.094672e-01	3.227565e-03
397	-8.400000e-01	-9.092922e-01	3.224177e-03
398	-8.400000e-01	-9.091181e-01	3.220775e-03
399	-8.400000e-01	-9.089449e-01	3.217360e-03
400	-8.400000e-01	-9.087725e-01	3.213931e-03
401	-8.400000e-01	-9.086010e-01	3.210490e-03
402	-8.400000e-01	-9.084304e-01	3.207038e-03
403	-8.400000e-01	-9.082606e-01	3.203573e-03
404	-8.400000e-01	-9.080916e-01	3.200097e-03
405	-8.400000e-01	-9.079235e-01	3.196610e-03
406	-9.168627e-01	-9.079455e-01	3.188803e-03
407	-9.200000e-01	-9.079751e-01	3.181097e-03
408	-8.792157e-01	-9.079047e-01	3.174073e-03
409	-8.400000e-01	-9.077386e-01	3.170653e-03
410	-8.400000e-01	-9.075734e-01	3.167222e-03
411	-8.117647e-01	-9.073403e-01	3.168095e-03
412	-7.631373e-01	-9.069903e-01	3.179718e-03
413	-8.400000e-01	-9.068281e-01	3.176154e-03
414	-8.400000e-01	-9.066667e-01	3.172582e-03
415	-8.400000e-01	-9.065060e-01	3.169002e-03
416	-8.400000e-01	-9.063462e-01	3.165415e-03
417	-8.400000e-01	-9.061871e-01	3.161821e-03
418	-8.400000e-01	-9.060287e-01	3.158219e-03
419	-8.400000e-01	-9.058711e-01	3.154611e-03
420	-8.400000e-01	-9.057143e-01	3.150997e-03
421	-8.400000e-01	-9.055582e-01	3.147376e-03
422	-8.682353e-01	-9.054698e-01	3.141155e-03
423	-9.200000e-01	-9.055041e-01	3.133908e-03
424	-9.200000e-01	-9.055383e-01	3.126695e-03
425	-9.200000e-01	-9.055723e-01	3.119515e-03
426	-9.200000e-01	-9.056062e-01	3.112368e-03
427	-9.200000e-01	-9.056399e-01	3.105253e-03
428	-9.200000e-01	-9.056734e-01	3.098171e-03
429	-9.200000e-01	-9.057068e-01	3.091121e-03
430	-9.200000e-01	-9.057401e-01	3.084104e-03
431	-9.200000e-01	-9.057732e-01	3.077117e-03
432	-9.200000e-01	-9.058061e-01	3.070163e-03
433	-9.200000e-01	-9.058389e-01	3.063240e-03
434	-9.200000e-01	-9.058715e-01	3.056347e-03
435	-9.200000e-01	-9.059040e-01	3.049486e-03
436	-9.200000e-01	-9.059363e-01	3.042656e-03
437	-9.200000e-01	-9.059685e-01	3.035856e-03
438	-9.200000e-01	-9.060005e-01	3.029086e-03
439	-9.200000e-01	-9.060324e-01	3.022346e-03
440	-9.200000e-01	-9.060642e-01	3.015637e-03
441	-9.200000e-01	-9.060958e-01	3.008957e-03
442	-9.200000e-01	-9.061272e-01	3.002306e-03
443	-9.200000e-01	-9.061585e-01	2.995685e-03
444	-9.200000e-01	-9.061897e-01	2.989093e-03
445	-9.200000e-01	-9.062208e-01	2.982530e-03
446	-9.200000e-01	-9.062516e-01	2.975995e-03
447	-8.745098e-01	-9.061806e-01	2.970179e-03
448	-8.400000e-01	-9.060329e-01	2.967221e-03
449	-8.400000e-01	-9.058858e-01	2.964256e-03
450	-8.839216e-01	-9.058370e-01	2.958064e-03
451	-9.200000e-01	-9.058684e-01	2.951665e-03
452	-9.200000e-01	-9.058997e-01	2.945293e-03
453	-9.200000e-01	-9.059308e-01	2.938949e-03
454	-9.200000e-01	-9.059618e-01	2.932632e-03
455	-9.200000e-01	-9.059927e-01	2.926343e-03
456	-9.200000e-01	-9.060234e-01	2.920080e-03
457	-9.200000e-01	-9.060540e-01	2.913844e-03
458	-9.200000e-01	-9.060844e-01	2.907634e-03
459	-9.200000e-01	-9.061147e-01	2.901451e-03
460	-9.200000e-01	-9.061449e-01	2.895294e-03
461	-8.713725e-01	-9.060695e-01	2.889991e-03
462	-8.400000e-01	-9.059265e-01	2.887273e-03
463	-8.400000e-01	-9.057841e-01	2.884546e-03
464	-8.400000e-01	-9.056423e-01	2.881813e-03
465	-8.400000e-01	-9.055012e-01	2.879071e-03
466	-8.400000e-01	-9.053606e-01	2.876323e-03
467	-8.400000e-01	-9.052206e-01	2.873568e-03
468	-8.400000e-01	-9.050813e-01	2.870805e-03
469	-8.447059e-01	-9.049525e-01	2.867569e-03
470	-9.200000e-01	-9.049846e-01	2.861640e-03
471	-9.200000e-01	-9.050164e-01	2.855736e-03
472	-9.200000e-01	-9.050482e-01	2.849856e-03
473	-9.200000e-01	-9.050798e-01	2.844000e-03
474	-9.200000e-01	-9.051113e-01	2.838169e-03
475	-9.200000e-01	-9.051426e-01	2.832361e-03
476	-9.200000e-01	-9.051738e-01	2.826576e-03
477	-9.200000e-01	-9.052049e-01	2.820816e-03
478	-9.200000e-01	-9.052359e-01	2.815078e-03
479	-9.200000e-01	-9.052667e-01	2.809364e-03
480	-9.200000e-01	-9.052974e-01	2.803673e-03
481	-9.200000e-01	-9.053280e-01	2.798005e-03
482	-9.200000e-01	-9.053584e-01	2.792360e-03
483	-9.200000e-01	-9.053887e-01	2.786738e-03
484	-9.200000e-01	-9.054189e-01	2.781138e-03
485	-9.200000e-01	-9.054490e-01	2.775561e-03
486	-9.200000e-01	-9.054789e-01	2.770006e-03
487	-9.200000e-01	-9.055087e-01	2.764473e-03
488	-9.200000e-01	-9.055384e-01	2.758962e-03
489	-8.400000e-01	-9.054044e-01	2.756574e-03
490	-8.400000e-01	-9.052709e-01	2.754179e-03
491	-8.792157e-01	-9.052178e-01	2.749076e-03
492	-9.200000e-01	-9.052479e-01	2.743647e-03
493	-9.200000e-01	-9.052778e-01	2.738240e-03
494	-9.200000e-01	-9.053076e-01	2.732854e-03
495	-9.200000e-01	-9.053373e-01	2.727489e-03
496	-9.200000e-01	-9.053669e-01	2.722145e-03
497	-9.200000e-01	-9.053963e-01	2.716822e-03
498	-9.200000e-01	-9.054256e-01	2.711519e-03
499	-9.200000e-01	-9.054548e-01	2.706238e-03
500	-9.200000e-01	-9.054839e-01	2.700976e-03
501	-9.200000e-01	-9.055129e-01	2.695736e-03
502	-9.200000e-01	-9.055418e-01	2.690515e-03
503	-9.200000e-01	-9.055705e-01	2.685315e-03
504	-9.200000e-01	-9.055991e-01	2.680134e-03
505	-9.200000e-01	-9.056276e-01	2.674974e-03
506	-9.200000e-01	-9.056560e-01	2.669833e-03
507	-8.980392e-01	-9.056410e-01	2.664604e-03
508	-8.776471e-01	-9.055859e-01	2.659925e-03
509	-9.200000e-01	-9.056142e-01	2.654845e-03
510	-9.200000e-01	-9.056424e-01	2.649784e-03
511	-9.200000e-01	-9.056705e-01	2.644743e-03
512	-8.901961e-01	-9.056403e-01	2.639745e-03
513	-8.478431e-01	-9.055277e-01	2.637003e-03
514	-9.200000e-01	-9.055558e-01	2.632018e-03
515	-9.200000e-01	-9.055839e-01	2.627052e-03
516	-9.200000e-01	-9.056118e-01	2.622105e-03
517	-9.200000e-01	-9.056396e-01	2.617176e-03
518	-9.200000e-01	-9.056673e-01	2.612266e-03
519	-9.200000e-01	-9.056950e-01	2.607374e-03
520	-9.200000e-01	-9.057225e-01	2.602500e-03
521	-9.200000e-01	-9.057499e-01	2.597645e-03
522	-9.200000e-01	-9.057772e-01	2.592807e-03
523	-9.200000e-01	-9.058044e-01	2.587988e-03
524	-9.200000e-01	-9.058315e-01	2.583186e-03
525	-9.200000e-01	-9.058585e-01	2.578402e-03
526	-9.200000e-01	-9.058853e-01	2.573636e-03
527	-9.200000e-01	-9.059121e-01	2.568888e-03
528	-9.200000e-01	-9.059388e-01	2.564157e-03
529	-9.200000e-01	-9.059654e-01	2.559443e-03
530	-9.200000e-01	-9.059919e-01	2.554746e-03
531	-9.200000e-01	-9.060182e-01	2.550067e-03
532	-9.200000e-01	-9.060445e-01	2.545405e-03
533	-9.200000e-01	-9.060707e-01	2.540760e-03
534	-9.200000e-01	-9.060968e-01	2.536131e-03
535	-9.200000e-01	-9.061228e-01	2.531520e-03
536	-9.200000e-01	-9.061487e-01	2.526925e-03
537	-9.200000e-01	-9.061745e-01	2.522347e-03
538	-9.200000e-01	-9.062002e-01	2.517785e-03
539	-8.682353e-01	-9.061297e-01	2.514097e-03
540	-9.200000e-01	-9.061554e-01	2.509568e-03
541	-9.200000e-01	-9.061810e-01	2.505056e-03
542	-9.200000e-01	-9.062065e-01	2.500560e-03
543	-9.168627e-01	-9.062261e-01	2.496028e-03
544	-8.400000e-01	-9.061044e-01	2.494408e-03
545	-8.400000e-01	-9.059831e-01	2.492779e-03
546	-8.400000e-01	-9.058622e-01	2.491142e-03
547	-8.400000e-01	-9.057418e-01	2.489497e-03
548	-8.400000e-01	-9.056219e-01	2.487845e-03
549	-8.400000e-01	-9.055023e-01	2.486184e-03
550	-8.400000e-01	-9.053832e-01	2.484515e-03
551	-8.400000e-01	-9.052646e-01	2.482839e-03
552	-8.400000e-01	-9.051463e-01	2.481156e-03
553	-8.400000e-01	-9.050285e-01	2.479466e-03
554	-8.400000e-01	-9.049112e-01	2.477768e-03
555	-8.400000e-01	-9.047942e-01	2.476063e-03
556	-8.400000e-01	-9.046777e-01	2.474352e-03
557	-8.400000e-01	-9.045616e-01	2.472633e-03
558	-8.400000e-01	-9.044459e-01	2.470909e-03
559	-8.400000e-01	-9.043306e-01	2.469177e-03
560	-8.400000e-01	-9.042157e-01	2.467440e-03
561	-8.400000e-01	-9.041012e-01	2.465696e-03
562	-8.400000e-01	-9.039872e-01	2.463946e-03
563	-8.400000e-01	-9.038735e-01	2.462190e-03
564	-8.400000e-01	-9.037603e-01	2.460428e-03
565	-8.400000e-01	-9.036474e-01	2.458661e-03
566	-8.400000e-01	-9.035350e-01	2.456888e-03
567	-8.400000e-01	-9.034229e-01	2.455110e-03
568	-8.400000e-01	-9.033112e-01	2.453326e-03
569	-8.949020e-01	-9.032965e-01	2.449055e-03
570	-8.400000e-01	-9.031854e-01	2.447275e-03
571	-8.400000e-01	-9.030748e-01	2.445490e-03
572	-8.400000e-01	-9.029645e-01	2.443701e-03
573	-8.400000e-01	-9.028546e-01	2.441906e-03
574	-8.400000e-01	-9.027451e-01	2.440106e-03
575	-8.321569e-01	-9.026223e-01	2.438950e-03
576	-7.600000e-01	-9.023747e-01	2.447271e-03
577	-7.600000e-01	-9.021280e-01	2.455455e-03
578	-7.600000e-01	-9.018821e-01	2.463506e-03
579	-7.600000e-01	-9.016370e-01	2.471426e-03
580	-7.600000e-01	-9.013928e-01	2.479218e-03
581	-7.600000e-01	-9.011495e-01	2.486883e-03
582	-7.600000e-01	-9.009069e-01	2.494424e-03
583	-7.600000e-01	-9.006653e-01	2.501844e-03
584	-8.196078e-01	-9.005265e-01	2.501410e-03
585	-8.400000e-01	-9.004230e-01	2.499273e-03
586	-8.400000e-01	-9.003199e-01	2.497134e-03
587	-8.400000e-01	-9.002171e-01	2.494993e-03
588	-8.400000e-01	-9.001147e-01	2.492851e-03
589	-8.400000e-01	-9.000127e-01	2.490707e-03
590	-8.400000e-01	-8.999109e-01	2.488561e-03
591	-8.400000e-01	-8.998096e-01	2.486414e-03
592	-8.400000e-01	-8.997085e-01	2.484266e-03
593	-8.400000e-01	-8.996078e-01	2.482116e-03
594	-8.400000e-01	-8.995075e-01	2.479965e-03
595	-8.400000e-01	-8.994075e-01	2.477813e-03
596	-8.400000e-01	-8.993078e-01	2.475659e-03
597	-8.101961e-01	-8.991585e-01	2.476012e-03
598	-8.400000e-01	-8.990596e-01	2.473847e-03
599	-9.058824e-01	-8.990710e-01	2.469740e-03
600	-9.200000e-01	-8.991059e-01	2.465867e-03
601	-9.200000e-01	-8.991406e-01	2.462006e-03
602	-9.200000e-01	-8.991753e-01	2.458157e-03
603	-9.200000e-01	-8.992098e-01	2.454320e-03
604	-9.200000e-01	-8.992443e-01	2.450495e-03
605	-9.200000e-01	-8.992786e-01	2.446682e-03
606	-9.200000e-01	-8.993128e-01	2.442881e-03
607	-9.200000e-01	-8.993468e-01	2.439091e-03
608	-9.200000e-01	-8.993808e-01	2.435313e-03
609	-9.200000e-01	-8.994147e-01	2.431546e-03
610	-9.200000e-01	-8.994484e-01	2.427792e-03
611	-9.200000e-01	-8.994820e-01	2.424048e-03
612	-9.200000e-01	-8.995156e-01	2.420316e-03
613	-9.200000e-01	-8.995490e-01	2.416596e-03
614	-8.698039e-01	-8.995005e-01	2.413143e-03
615	-8.400000e-01	-8.994038e-01	2.411158e-03
616	-8.666667e-01	-8.993506e-01	2.407827e-03
617	-9.200000e-01	-8.993841e-01	2.404154e-03
618	-9.200000e-01	-8.994175e-01	2.400493e-03
619	-8.870588e-01	-8.993975e-01	2.396695e-03
620	-8.400000e-01	-8.993017e-01	2.394743e-03
621	-8.400000e-01	-8.992062e-01	2.392790e-03
622	-8.400000e-01	-8.991110e-01	2.390836e-03
623	-8.400000e-01	-8.990161e-01	2.388880e-03
624	-8.400000e-01	-8.989216e-01	2.386923e-03
625	-8.400000e-01	-8.988273e-01	2.384965e-03
626	-8.400000e-01	-8.987333e-01	2.383006e-03
627	-8.400000e-01	-8.986396e-01	2.381045e-03
628	-8.400000e-01	-8.985463e-01	2.379084e-03
629	-8.400000e-01	-8.984532e-01	2.377122e-03
630	-8.400000e-01	-8.983604e-01	2.375158e-03
631	-8.933333e-01	-8.983524e-01	2.371405e-03
632	-9.200000e-01	-8.983867e-01	2.367897e-03
633	-8.980392e-01	-8.983861e-01	2.364153e-03
634	-9.011765e-01	-8.983905e-01	2.360426e-03
635	-9.200000e-01	-8.984246e-01	2.356951e-03
636	-9.200000e-01	-8.984585e-01	2.353487e-03
637	-9.200000e-01	-8.984923e-01	2.350033e-03
638	-9.200000e-01	-8.985260e-01	2.346589e-03
639	-9.200000e-01	-8.985596e-01	2.343154e-03
640	-9.200000e-01	-8.985931e-01	2.339730e-03
641	-9.200000e-01	-8.986265e-01	2.336316e-03
642	-9.200000e-01	-8.986598e-01	2.332911e-03
643	-9.200000e-01	-8.986930e-01	2.329517e-03
644	-9.200000e-01	-8.987261e-01	2.326132e-03
645	-9.200000e-01	-8.987591e-01	2.322757e-03
646	-9.200000e-01	-8.987920e-01	2.319392e-03
647	-9.200000e-01	-8.988247e-01	2.316036e-03
648	-9.200000e-01	-8.988574e-01	2.312690e-03
649	-9.200000e-01	-8.988900e-01	2.309354e-03
650	-9.200000e-01	-8.989225e-01	2.306027e-03
651	-9.200000e-01	-8.989549e-01	2.302709e-03
652	-9.200000e-01	-8.989871e-01	2.299402e-03
653	-9.200000e-01	-8.990193e-01	2.296103e-03
654	-9.200000e-01	-8.990514e-01	2.292814e-03
655	-9.200000e-01	-8.990834e-01	2.289534e-03
656	-9.200000e-01	-8.991153e-01	2.286264e-03
657	-9.074510e-01	-8.991279e-01	2.282816e-03
658	-9.090196e-01	-8.991430e-01	2.279394e-03
659	-9.200000e-01	-8.991746e-01	2.276153e-03
660	-9.200000e-01	-8.992062e-01	2.272920e-03
661	-9.200000e-01	-8.992376e-01	2.269697e-03
662	-9.200000e-01	-8.992690e-01	2.266483e-03
663	-9.200000e-01	-8.993003e-01	2.263278e-03
664	-9.200000e-01	-8.993314e-01	2.260082e-03
665	-9.200000e-01	-8.993625e-01	2.256895e-03
666	-9.200000e-01	-8.993935e-01	2.253716e-03
667	-9.200000e-01	-8.994244e-01	2.250547e-03
668	-9.200000e-01	-8.994552e-01	2.247387e-03
669	-9.200000e-01	-8.994859e-01	2.244235e-03
670	-9.200000e-01	-8.995165e-01	2.241092e-03
671	-9.200000e-01	-8.995471e-01	2.237958e-03
672	-9.200000e-01	-8.995775e-01	2.234832e-03
673	-9.200000e-01	-8.996078e-01	2.231715e-03
674	-9.200000e-01	-8.996381e-01	2.228607e-03
675	-9.200000e-01	-8.996683e-01	2.225507e-03
676	-9.074510e-01	-8.996798e-01	2.222243e-03
677	-8.400000e-01	-8.995916e-01	2.220708e-03
678	-8.400000e-01	-8.995037e-01	2.219172e-03
679	-8.400000e-01	-8.994161e-01	2.217633e-03
680	-8.337255e-01	-8.993195e-01	2.216476e-03
681	-8.400000e-01	-8.992324e-01	2.214932e-03
682	-8.400000e-01	-8.991455e-01	2.213387e-03
683	-8.258824e-01	-8.990383e-01	2.212745e-03
684	-8.400000e-01	-8.989520e-01	2.211193e-03
685	-8.400000e-01	-8.988659e-01	2.209639e-03
686	-8.400000e-01	-8.987801e-01	2.208084e-03
687	-8.400000e-01	-8.986945e-01	2.206527e-03
688	-8.400000e-01	-8.986092e-01	2.204968e-03
689	-8.211765e-01	-8.984968e-01	2.204632e-03
690	-7.145098e-01	-8.982302e-01	2.217525e-03
691	-6.956863e-01	-8.979371e-01	2.233629e-03
692	-7.866667e-01	-8.977763e-01	2.236188e-03
693	-8.400000e-01	-8.976929e-01	2.234514e-03
694	-8.400000e-01	-8.976098e-01	2.232840e-03
695	-8.400000e-01	-8.975269e-01	2.231166e-03
696	-8.400000e-01	-8.974442e-01	2.229490e-03
697	-8.400000e-01	-8.973618e-01	2.227814e-03
698	-8.400000e-01	-8.972796e-01	2.226138e-03
699	-8.400000e-01	-8.971977e-01	2.224461e-03
700	-8.400000e-01	-8.971160e-01	2.222783e-03
701	-8.400000e-01	-8.970345e-01	2.221105e-03
702	-8.666667e-01	-8.969912e-01	2.218360e-03
703	-9.200000e-01	-8.970240e-01	2.215444e-03
704	-9.200000e-01	-8.970566e-01	2.212536e-03
705	-9.200000e-01	-8.970891e-01	2.209635e-03
706	-9.200000e-01	-8.971216e-01	2.206742e-03
707	-9.200000e-01	-8.971540e-01	2.203856e-03
708	-9.200000e-01	-8.971862e-01	2.200977e-03
709	-9.200000e-01	-8.972184e-01	2.198106e-03
710	-9.200000e-01	-8.972505e-01	2.195243e-03
711	-9.105882e-01	-8.972692e-01	2.192233e-03
712	-8.180392e-01	-8.971580e-01	2.191978e-03
713	-8.996078e-01	-8.971614e-01	2.188905e-03
714	-9.200000e-01	-8.971934e-01	2.186071e-03
715	-9.200000e-01	-8.972253e-01	2.183244e-03
716	-9.200000e-01	-8.972571e-01	2.180425e-03
717	-8.964706e-01	-8.972560e-01	2.177382e-03
718	-9.152941e-01	-8.972811e-01	2.174492e-03
719	-9.200000e-01	-8.973127e-01	2.171696e-03
720	-9.200000e-01	-8.973442e-01	2.168906e-03
721	-9.200000e-01	-8.973756e-01	2.166124e-03
722	-9.200000e-01	-8.974070e-01	2.163349e-03
723	-9.200000e-01	-8.974382e-01	2.160581e-03
724	-9.200000e-01	-8.974694e-01	2.157819e-03
725	-9.200000e-01	-8.975005e-01	2.155065e-03
726	-9.200000e-01	-8.975315e-01	2.152318e-03
727	-9.200000e-01	-8.975624e-01	2.149577e-03
728	-9.200000e-01	-8.975932e-01	2.146844e-03
729	-9.200000e-01	-8.976239e-01	2.144117e-03
730	-9.200000e-01	-8.976546e-01	2.141397e-03
731	-9.200000e-01	-8.976851e-01	2.138684e-03
732	-9.200000e-01	-8.977156e-01	2.135978e-03
733	-9.200000e-01	-8.977460e-01	2.133279e-03
734	-9.200000e-01	-8.977764e-01	2.130586e-03
735	-8.964706e-01	-8.977746e-01	2.127686e-03
736	-8.729412e-01	-8.977408e-01	2.125061e-03
737	-9.200000e-01	-8.977710e-01	2.122391e-03
738	-9.200000e-01	-8.978012e-01	2.119727e-03
739	-9.200000e-01	-8.978312e-01	2.117070e-03
740	-9.200000e-01	-8.978612e-01	2.114419e-03
741	-9.200000e-01	-8.978910e-01	2.111775e-03
742	-9.200000e-01	-8.979208e-01	2.109138e-03
743	-9.200000e-01	-8.979505e-01	2.106507e-03
744	-9.200000e-01	-8.979802e-01	2.103882e-03
745	-9.200000e-01	-8.980097e-01	2.101264e-03
746	-9.200000e-01	-8.980392e-01	2.098653e-03
747	-9.200000e-01	-8.980686e-01	2.096048e-03
748	-9.200000e-01	-8.980979e-01	2.093449e-03
749	-9.200000e-01	-8.981272e-01	2.090856e-03
750	-9.200000e-01	-8.981563e-01	2.088270e-03
751	-9.200000e-01	-8.981854e-01	2.085691e-03
752	-9.200000e-01	-8.982144e-01	2.083117e-03
753	-9.200000e-01	-8.982434e-01	2.080550e-03
754	-9.200000e-01	-8.982722e-01	2.077989e-03
755	-9.200000e-01	-8.983010e-01	2.075435e-03
756	-9.200000e-01	-8.983297e-01	2.072887e-03
757	-9.200000e-01	-8.983583e-01	2.070344e-03
758	-9.200000e-01	-8.983869e-01	2.067808e-03
759	-9.200000e-01	-8.984154e-01	2.065278e-03
760	-9.200000e-01	-8.984438e-01	2.062755e-03
761	-9.200000e-01	-8.984721e-01	2.060237e-03
762	-9.200000e-01	-8.985003e-01	2.057726e-03
763	-9.200000e-01	-8.985285e-01	2.055220e-03
764	-9.200000e-01	-8.985566e-01	2.052721e-03
765	-9.200000e-01	-8.985846e-01	2.050227e-03
766	-9.200000e-01	-8.986126e-01	2.047740e-03
767	-9.200000e-01	-8.986405e-01	2.045258e-03
768	-9.200000e-01	-8.986683e-01	2.042783e-03
769	-9.200000e-01	-8.986960e-01	2.040313e-03
770	-9.200000e-01	-8.987237e-01	2.037850e-03
771	-9.200000e-01	-8.987513e-01	2.035392e-03
772	-9.200000e-01	-8.987788e-01	2.032940e-03
773	-9.200000e-01	-8.988063e-01	2.030494e-03
774	-9.200000e-01	-8.988337e-01	2.028054e-03
775	-9.074510e-01	-8.988448e-01	2.025466e-03
776	-8.400000e-01	-8.987690e-01	2.024275e-03
777	-8.760784e-01	-8.987397e-01	2.021879e-03
778	-9.200000e-01	-8.987671e-01	2.019463e-03
779	-9.200000e-01	-8.987943e-01	2.017053e-03
780	-9.200000e-01	-8.988215e-01	2.014649e-03
781	-9.200000e-01	-8.988486e-01	2.012251e-03
782	-9.200000e-01	-8.988757e-01	2.009858e-03
783	-9.200000e-01	-8.989027e-01	2.007470e-03
784	-9.200000e-01	-8.989296e-01	2.005089e-03
785	-9.200000e-01	-8.989564e-01	2.002713e-03
786	-9.200000e-01	-8.989832e-01	2.000342e-03
787	-9.200000e-01	-8.990099e-01	1.997978e-03
788	-9.200000e-01	-8.990365e-01	1.995618e-03
789	-9.200000e-01	-8.990631e-01	1.993264e-03
790	-9.200000e-01	-8.990896e-01	1.990916e-03
791	-9.200000e-01	-8.991160e-01	1.988573e-03
792	-9.200000e-01	-8.991424e-01	1.986236e-03
793	-9.200000e-01	-8.991687e-01	1.983904e-03
794	-9.200000e-01	-8.991949e-01	1.981577e-03
795	-9.200000e-01	-8.992211e-01	1.979256e-03
796	-9.200000e-01	-8.992472e-01	1.976941e-03
797	-9.200000e-01	-8.992733e-01	1.974630e-03
798	-9.200000e-01	-8.992992e-01	1.972325e-03
799	-9.200000e-01	-8.993251e-01	1.970026e-03
800	-9.200000e-01	-8.993510e-01	1.967731e-03
801	-9.200000e-01	-8.993768e-01	1.965442e-03
802	-9.200000e-01	-8.994025e-01	1.963158e-03
803	-9.200000e-01	-8.994281e-01	1.960880e-03
804	-9.200000e-01	-8.994537e-01	1.958607e-03
805	-9.200000e-01	-8.994792e-01	1.956339e-03
806	-9.200000e-01	-8.995047e-01	1.954076e-03
807	-9.200000e-01	-8.995301e-01	1.951818e-03
808	-9.200000e-01	-8.995554e-01	1.949565e-03
809	-9.200000e-01	-8.995807e-01	1.947318e-03
810	-9.200000e-01	-8.996059e-01	1.945076e-03
811	-9.200000e-01	-8.996311e-01	1.942839e-03
812	-9.200000e-01	-8.996561e-01	1.940607e-03
813	-9.200000e-01	-8.996812e-01	1.938380e-03
814	-9.200000e-01	-8.997061e-01	1.936158e-03
815	-9.200000e-01	-8.997310e-01	1.933941e-03
816	-9.200000e-01	-8.997559e-01	1.931729e-03
817	-9.200000e-01	-8.997806e-01	1.929523e-03
818	-9.200000e-01	-8.998054e-01	1.927321e-03
819	-9.200000e-01	-8.998300e-01	1.925124e-03
820	-9.200000e-01	-8.998546e-01	1.922932e-03
821	-9.200000e-01	-8.998792e-01	1.920745e-03
822	-9.200000e-01	-8.999036e-01	1.918564e-03
823	-9.200000e-01	-8.999280e-01	1.916387e-03
824	-9.200000e-01	-8.999524e-01	1.914214e-03
825	-9.200000e-01	-8.999767e-01	1.912047e-03
826	-8.729412e-01	-8.999440e-01	1.910011e-03
827	-8.870588e-01	-8.999284e-01	1.907764e-03
828	-9.200000e-01	-8.999526e-01	1.905613e-03
829	-9.200000e-01	-8.999768e-01	1.903466e-03
830	-9.200000e-01	-9.000009e-01	1.901325e-03
831	-9.200000e-01	-9.000250e-01	1.899188e-03
832	-9.200000e-01	-9.000490e-01	1.897056e-03
833	-9.200000e-01	-9.000730e-01	1.894928e-03
834	-9.200000e-01	-9.000969e-01	1.892806e-03
835	-9.200000e-01	-9.001207e-01	1.890688e-03
836	-9.200000e-01	-9.001445e-01	1.888574e-03
837	-9.200000e-01	-9.001682e-01	1.886466e-03
838	-9.200000e-01	-9.001919e-01	1.884362e-03
839	-9.200000e-01	-9.002155e-01	1.882263e-03
840	-9.200000e-01	-9.002390e-01	1.880168e-03
841	-9.105882e-01	-9.002513e-01	1.877972e-03
842	-8.870588e-01	-9.002357e-01	1.875805e-03
843	-8.776471e-01	-9.002089e-01	1.873770e-03
844	-8.400000e-01	-9.001375e-01	1.872908e-03
845	-8.400000e-01	-9.000664e-01	1.872044e-03
846	-8.400000e-01	-8.999954e-01	1.871177e-03
847	-8.400000e-01	-8.999245e-01	1.870308e-03
848	-8.917647e-01	-8.999149e-01	1.868126e-03
849	-9.200000e-01	-8.999386e-01	1.866074e-03
850	-9.200000e-01	-8.999622e-01	1.864027e-03
851	-9.200000e-01	-8.999857e-01	1.861984e-03
852	-9.200000e-01	-9.000092e-01	1.859946e-03
853	-9.200000e-01	-9.000326e-01	1.857912e-03
854	-9.200000e-01	-9.000560e-01	1.855883e-03
855	-9.200000e-01	-9.000793e-01	1.853857e-03
856	-9.200000e-01	-9.001026e-01	1.851837e-03
857	-9.200000e-01	-9.001258e-01	1.849820e-03
858	-8.415686e-01	-9.000576e-01	1.848923e-03
859	-9.168627e-01	-9.000772e-01	1.846873e-03
860	-9.200000e-01	-9.001003e-01	1.844870e-03
861	-9.200000e-01	-9.001234e-01	1.842871e-03
862	-9.200000e-01	-9.001465e-01	1.840876e-03
863	-9.200000e-01	-9.001695e-01	1.838886e-03
864	-9.200000e-01	-9.001924e-01	1.836899e-03
865	-9.200000e-01	-9.002153e-01	1.834917e-03
866	-9.200000e-01	-9.002382e-01	1.832940e-03
867	-9.200000e-01	-9.002610e-01	1.830966e-03
868	-9.200000e-01	-9.002837e-01	1.828997e-03
869	-9.200000e-01	-9.003064e-01	1.827032e-03
870	-9.200000e-01	-9.003291e-01	1.825071e-03
871	-9.200000e-01	-9.003516e-01	1.823115e-03
872	-9.200000e-01	-9.003742e-01	1.821162e-03
873	-9.200000e-01	-9.003966e-01	1.819214e-03
874	-9.200000e-01	-9.004191e-01	1.817269e-03
875	-9.200000e-01	-9.004415e-01	1.815329e-03
876	-9.200000e-01	-9.004638e-01	1.813393e-03
877	-9.184314e-01	-9.004843e-01	1.811440e-03
878	-9.200000e-01	-9.005065e-01	1.809512e-03
879	-9.200000e-01	-9.005287e-01	1.807589e-03
880	-9.200000e-01	-9.005508e-01	1.805669e-03
881	-9.200000e-01	-9.005729e-01	1.803753e-03
882	-9.200000e-01	-9.005949e-01	1.801842e-03
883	-9.200000e-01	-9.006169e-01	1.799934e-03
884	-9.200000e-01	-9.006388e-01	1.798031e-03
885	-9.200000e-01	-9.006607e-01	1.796131e-03
886	-9.200000e-01	-9.006825e-01	1.794235e-03
887	-9.200000e-01	-9.007043e-01	1.792344e-03
888	-9.200000e-01	-9.007260e-01	1.790456e-03
889	-9.200000e-01	-9.007477e-01	1.788572e-03
890	-9.200000e-01	-9.007693e-01	1.786693e-03
891	-9.200000e-01	-9.007909e-01	1.784817e-03
892	-9.200000e-01	-9.008125e-01	1.782945e-03
893	-9.200000e-01	-9.008339e-01	1.781077e-03
894	-9.200000e-01	-9.008554e-01	1.779212e-03
895	-9.200000e-01	-9.008768e-01	1.777352e-03
896	-9.200000e-01	-9.008981e-01	1.775496e-03
897	-9.200000e-01	-9.009194e-01	1.773643e-03
898	-9.905882e-01	-9.010193e-01	1.774478e-03
899	-1.000000e+00	-9.011294e-01	1.775920e-03
900	-1.000000e+00	-9.012392e-01	1.777344e-03
901	-1.000000e+00	-9.013488e-01	1.778751e-03
902	-1.000000e+00	-9.014582e-01	1.780140e-03
903	-9.686275e-01	-9.015326e-01	1.779723e-03
904	-9.701961e-01	-9.016085e-01	1.779375e-03
905	-1.000000e+00	-9.017173e-01	1.780730e-03
906	-1.000000e+00	-9.018257e-01	1.782068e-03
907	-1.000000e+00	-9.019340e-01	1.783390e-03
908	-1.000000e+00	-9.020420e-01	1.784696e-03
909	-1.000000e+00	-9.021497e-01	1.785985e-03
910	-1.000000e+00	-9.022573e-01	1.787259e-03
911	-1.000000e+00	-9.023646e-01	1.788517e-03
912	-1.000000e+00	-9.024716e-01	1.789760e-03
913	-9.984314e-01	-9.025767e-01	1.790885e-03
914	-1.000000e+00	-9.026833e-01	1.792098e-03
915	-1.000000e+00	-9.027897e-01	1.793295e-03
916	-9.623529e-01	-9.028547e-01	1.792516e-03
917	-9.200000e-01	-9.028734e-01	1.790657e-03
918	-9.200000e-01	-9.028921e-01	1.788803e-03
919	-9.200000e-01	-9.029107e-01	1.786953e-03
920	-9.200000e-01	-9.029292e-01	1.785106e-03
921	-9.200000e-01	-9.029478e-01	1.783263e-03
922	-9.200000e-01	-9.029663e-01	1.781424e-03
923	-9.670588e-01	-9.030357e-01	1.780847e-03
924	-9.545098e-01	-9.030914e-01	1.779791e-03
925	-1.000000e+00	-9.031962e-01	1.780950e-03
926	-1.000000e+00	-9.033007e-01	1.782094e-03
927	-9.592157e-01	-9.033610e-01	1.781192e-03
928	-9.717647e-01	-9.034348e-01	1.780798e-03
929	-1.000000e+00	-9.035387e-01	1.781914e-03
930	-1.000000e+00	-9.036424e-01	1.783017e-03
931	-1.000000e+00	-9.037459e-01	1.784105e-03
932	-1.000000e+00	-9.038492e-01	1.785180e-03
933	-1.000000e+00	-9.039523e-01	1.786241e-03
934	-1.000000e+00	-9.040551e-01	1.787288e-03
935	-9.262745e-01	-9.040789e-01	1.785534e-03
936	-9.200000e-01	-9.040959e-01	1.783706e-03
937	-9.654902e-01	-9.041614e-01	1.783006e-03
938	-1.000000e+00	-9.042636e-01	1.784032e-03
939	-1.000000e+00	-9.043655e-01	1.785045e-03
940	-1.000000e+00	-9.044673e-01	1.786045e-03
941	-9.654902e-01	-9.045321e-01	1.785324e-03
942	-9.200000e-01	-9.045485e-01	1.783504e-03
943	-9.200000e-01	-9.045649e-01	1.781687e-03
944	-9.200000e-01	-9.045813e-01	1.779873e-03
945	-9.200000e-01	-9.045976e-01	1.778064e-03
946	-9.200000e-01	-9.046139e-01	1.776258e-03
947	-9.121569e-01	-9.046218e-01	1.774399e-03
948	-9.168627e-01	-9.046347e-01	1.772573e-03
949	-9.200000e-01	-9.046509e-01	1.770779e-03
950	-9.200000e-01	-9.046671e-01	1.768988e-03
951	-9.200000e-01	-9.046832e-01	1.767200e-03
952	-9.200000e-01	-9.046993e-01	1.765416e-03
953	-9.200000e-01	-9.047153e-01	1.763636e-03
954	-9.200000e-01	-9.047314e-01	1.761859e-03
955	-9.200000e-01	-9.047474e-01	1.760086e-03
956	-9.200000e-01	-9.047633e-01	1.758316e-03
957	-9.200000e-01	-9.047792e-01	1.756550e-03
958	-9.200000e-01	-9.047951e-01	1.754787e-03
959	-8.870588e-01	-9.047766e-01	1.753054e-03
960	-8.494118e-01	-9.047190e-01	1.752176e-03
961	-9.200000e-01	-9.047349e-01	1.750424e-03
962	-9.843137e-01	-9.048176e-01	1.750559e-03
963	-1.000000e+00	-9.049164e-01	1.751532e-03
964	-9.984314e-01	-9.050134e-01	1.752401e-03
965	-1.000000e+00	-9.051119e-01	1.753349e-03
966	-1.000000e+00	-9.052101e-01	1.754285e-03
967	-1.000000e+00	-9.053081e-01	1.755210e-03
968	-1.000000e+00	-9.054059e-01	1.756122e-03
969	-1.000000e+00	-9.055036e-01	1.757023e-03
970	-1.000000e+00	-9.056010e-01	1.757912e-03
971	-1.000000e+00	-9.056982e-01	1.758790e-03
972	-1.000000e+00	-9.057952e-01	1.759656e-03
973	-9.858824e-01	-9.058775e-01	1.759772e-03
974	-9.466667e-01	-9.059194e-01	1.758463e-03
975	-9.937255e-01	-9.060095e-01	1.758966e-03
976	-8.415686e-01	-9.059434e-01	1.758403e-03
977	-8.462745e-01	-9.058824e-01	1.757663e-03
978	-9.200000e-01	-9.058968e-01	1.755925e-03
979	-8.870588e-01	-9.058775e-01	1.754236e-03
980	-9.200000e-01	-9.058920e-01	1.752504e-03
981	-9.200000e-01	-9.059063e-01	1.750776e-03
982	-9.200000e-01	-9.059207e-01	1.749051e-03
983	-9.200000e-01	-9.059350e-01	1.747329e-03
984	-9.200000e-01	-9.059493e-01	1.745611e-03
985	-9.200000e-01	-9.059636e-01	1.743896e-03
986	-9.200000e-01	-9.059778e-01	1.742185e-03
987	-9.200000e-01	-9.059920e-01	1.740477e-03
988	-9.200000e-01	-9.060062e-01	1.738772e-03
989	-9.200000e-01	-9.060203e-01	1.737071e-03
990	-9.200000e-01	-9.060345e-01	1.735373e-03
991	-9.200000e-01	-9.060486e-01	1.733678e-03
992	-9.200000e-01	-9.060626e-01	1.731987e-03
993	-9.200000e-01	-9.060767e-01	1.730298e-03
994	-9.200000e-01	-9.060907e-01	1.728614e-03
995	-9.200000e-01	-9.061046e-01	1.726932e-03
996	-9.200000e-01	-9.061186e-01	1.725254e-03
997	-9.200000e-01	-9.061325e-01	1.723579e-03
998	-9.200000e-01	-9.061464e-01	1.721907e-03
999	-9.200000e-01	-9.061603e-01	1.720238e-03
1000	-9.200000e-01	-9.061741e-01	1.718573e-03
1	-9.200000e-01	-9.200000e-01	0.000000e+00
2	-9.200000e-01	-9.200000e-01	0.000000e+00
3	-9.200000e-01	-9.200000e-01	0.000000e+00
4	-9.200000e-01	-9.200000e-01	0.000000e+00
5	-9.200000e-01	-9.200000e-01	-nan
6	-9.200000e-01	-9.200000e-01	0.000000e+00
7	-9.200000e-01	-9.200000e-01	0.000000e+00
8	-9.200000e-01	-9.200000e-01	0.000000e+00
9	-9.200000e-01	-9.200000e-01	-nan
10	-9.200000e-01	-9.200000e-01	-nan
11	-9.200000e-01	-9.200000e-01	3.332001e-09
12	-9.200000e-01	-9.200000e-01	0.000000e+00
13	-9.200000e-01	-9.200000e-01	-nan
14	-9.200000e-01	-9.200000e-01	-nan
15	-9.200000e-01	-9.200000e-01	-nan
16	-9.200000e-01	-9.200000e-01	-nan
17	-9.200000e-01	-9.200000e-01	-nan
18	-9.200000e-01	-9.200000e-01	-nan
19	-9.200000e-01	-9.200000e-01	-nan
20	-9.200000e-01	-9.200000e-01	-nan
21	-1.000000e+00	-9.238095e-01	3.809524e-03
22	-9.717647e-01	-9.259893e-01	4.236107e-03
23	-9.733333e-01	-9.280477e-01	4.541075e-03
24	-1.000000e+00	-9.310458e-01	5.281191e-03
25	-1.000000e+00	-9.338039e-01	5.767773e-03
26	-9.294118e-01	-9.336350e-01	5.544071e-03
27	-9.200000e-01	-9.331300e-01	5.358634e-03
28	-9.200000e-01	-9.326611e-01	5.184957e-03
29	-9.200000e-01	-9.322245e-01	5.021985e-03
30	-9.200000e-01	-9.318170e-01	4.868781e-03
31	-9.200000e-01	-9.314358e-01	4.724508e-03
32	-9.200000e-01	-9.310784e-01	4.588423e-03
33	-9.200000e-01	-9.307427e-01	4.459860e-03
34	-9.200000e-01	-9.304268e-01	4.338221e-03
35	-9.200000e-01	-9.301289e-01	4.222970e-03
36	-9.200000e-01	-9.298475e-01	4.113622e-03
37	-9.200000e-01	-9.295813e-01	4.009741e-03
38	-9.200000e-01	-9.293292e-01	3.910932e-03
39	-9.058824e-01	-9.287280e-01	3.856482e-03
40	-9.105882e-01	-9.282745e-01	3.786091e-03
41	-9.200000e-01	-9.280727e-01	3.698104e-03
42	-9.200000e-01	-9.278805e-01	3.614095e-03
43	-9.200000e-01	-9.276972e-01	3.533801e-03
44	-9.200000e-01	-9.275223e-01	3.456982e-03
45	-9.200000e-01	-9.273551e-01	3.383419e-03
46	-9.278431e-01	-9.273657e-01	3.309066e-03
47	-1.000000e+00	-9.289111e-01	3.587793e-03
48	-1.000000e+00	-9.303922e-01	3.811735e-03
49	-1.000000e+00	-9.318127e-01	3.994284e-03
50	-1.000000e+00	-9.331765e-01	4.144386e-03
51	-1.000000e+00	-9.344867e-01	4.268391e-03
52	-1.000000e+00	-9.357466e-01	4.371007e-03
53	-1.000000e+00	-9.369589e-01	4.455836e-03
54	-1.000000e+00	-9.381264e-01	4.525705e-03
55	-1.000000e+00	-9.392513e-01	4.582879e-03
56	-1.000000e+00	-9.403361e-01	4.629197e-03
57	-1.000000e+00	-9.413829e-01	4.666177e-03
58	-1.000000e+00	-9.423935e-01	4.695082e-03
59	-1.000000e+00	-9.433699e-01	4.716977e-03
60	-1.000000e+00	-9.443137e-01	4.732762e-03
61	-1.000000e+00	-9.452266e-01	4.743206e-03
62	-1.000000e+00	-9.461101e-01	4.748972e-03
63	-1.000000e+00	-9.469655e-01	4.750629e-03
64	-1.000000e+00	-9.477941e-01	4.748673e-03
65	-1.000000e+00	-9.485973e-01	4.743536e-03
66	-1.000000e+00	-9.493761e-01	4.735594e-03
67	-1.000000e+00	-9.501317e-01	4.725180e-03
68	-1.000000e+00	-9.508651e-01	4.712585e-03
69	-1.000000e+00	-9.515772e-01	4.698065e-03
70	-1.000000e+00	-9.522689e-01	4.681850e-03
71	-1.000000e+00	-9.529412e-01	4.664141e-03
72	-9.764706e-01	-9.532680e-01	4.610501e-03
73	-9.450980e-01	-9.531561e-01	4.548282e-03
74	-1.000000e+00	-9.537891e-01	4.530838e-03
75	-1.000000e+00	-9.544052e-01	4.512283e-03
76	-1.000000e+00	-9.550052e-01	4.492751e-03
77	-1.000000e+00	-9.555895e-01	4.472358e-03
78	-9.749020e-01	-9.558371e-01	4.421586e-03
79	-1.000000e+00	-9.563961e-01	4.400907e-03
80	-1.000000e+00	-9.569412e-01	4.379596e-03
81	-1.000000e+00	-9.574728e-01	4.357734e-03
82	-1.000000e+00	-9.579914e-01	4.335395e-03
83	-1.000000e+00	-9.584975e-01	4.312645e-03
84	-1.000000e+00	-9.589916e-01	4.289544e-03
85	-1.000000e+00	-9.594740e-01	4.266146e-03
86	-1.000000e+00	-9.599453e-01	4.242500e-03
87	-1.000000e+00	-9.604057e-01	4.218650e-03
88	-1.000000e+00	-9.608556e-01	4.194636e-03
89	-1.000000e+00	-9.612954e-01	4.170495e-03
90	-1.000000e+00	-9.617255e-01	4.146258e-03
91	-1.000000e+00	-9.621461e-01	4.121957e-03
92	-1.000000e+00	-9.625575e-01	4.097617e-03
93	-1.000000e+00	-9.629602e-01	4.073263e-03
94	-1.000000e+00	-9.633542e-01	4.048917e-03
95	-1.000000e+00	-9.637399e-01	4.024599e-03
96	-1.000000e+00	-9.641176e-01	4.000327e-03
97	-9.827451e-01	-9.643097e-01	3.963527e-03
98	-9.435294e-01	-9.640976e-01	3.928601e-03
99	-1.000000e+00	-9.644603e-01	3.905589e-03
100	-1.000000e+00	-9.648157e-01	3.882635e-03
101	-1.000000e+00	-9.651640e-01	3.859754e-03
102	-1.000000e+00	-9.655056e-01	3.836956e-03
103	-1.000000e+00	-9.658405e-01	3.814252e-03
104	-1.000000e+00	-9.661689e-01	3.791652e-03
105	-1.000000e+00	-9.664911e-01	3.769164e-03
106	-9.576471e-01	-9.664077e-01	3.734368e-03
107	-9.858824e-01	-9.665897e-01	3.703778e-03
108	-1.000000e+00	-9.668991e-01	3.682341e-03
109	-1.000000e+00	-9.672027e-01	3.661018e-03
110	-1.000000e+00	-9.675009e-01	3.639816e-03
111	-1.000000e+00	-9.677937e-01	3.618739e-03
112	-1.000000e+00	-9.680812e-01	3.597794e-03
113	-1.000000e+00	-9.683637e-01	3.576983e-03
114	-1.000000e+00	-9.686412e-01	3.556311e-03
115	-1.000000e+00	-9.689139e-01	3.535782e-03
116	-1.000000e+00	-9.691819e-01	3.515398e-03
117	-1.000000e+00	-9.694453e-01	3.495161e-03
118	-1.000000e+00	-9.697042e-01	3.475075e-03
119	-1.000000e+00	-9.699588e-01	3.455142e-03
120	-1.000000e+00	-9.702092e-01	3.435361e-03
121	-9.325490e-01	-9.698979e-01	3.421039e-03
122	-9.200000e-01	-9.694889e-01	3.417445e-03
123	-9.200000e-01	-9.690866e-01	3.413343e-03
124	-9.200000e-01	-9.686907e-01	3.408768e-03
125	-9.200000e-01	-9.683012e-01	3.403750e-03
126	-9.200000e-01	-9.679178e-01	3.398318e-03
127	-9.921569e-01	-9.681087e-01	3.376852e-03
128	-1.000000e+00	-9.683578e-01	3.359618e-03
129	-1.000000e+00	-9.686031e-01	3.342485e-03
130	-1.000000e+00	-9.688446e-01	3.325455e-03
131	-1.000000e+00	-9.690825e-01	3.308531e-03
132	-1.000000e+00	-9.693167e-01	3.291715e-03
133	-1.000000e+00	-9.695474e-01	3.275007e-03
134	-1.000000e+00	-9.697747e-01	3.258410e-03
135	-1.000000e+00	-9.699985e-01	3.241924e-03
136	-1.000000e+00	-9.702191e-01	3.225550e-03
137	-1.000000e+00	-9.704365e-01	3.209290e-03
138	-1.000000e+00	-9.706508e-01	3.193143e-03
139	-1.000000e+00	-9.708619e-01	3.177112e-03
140	-1.000000e+00	-9.710700e-01	3.161196e-03
141	-9.749020e-01	-9.710972e-01	3.138813e-03
142	-1.000000e+00	-9.713007e-01	3.123270e-03
143	-9.545098e-01	-9.711833e-01	3.103574e-03
144	-9.200000e-01	-9.708279e-01	3.102375e-03
145	-9.137255e-01	-9.704341e-01	3.105972e-03
146	-9.200000e-01	-9.700886e-01	3.103907e-03
147	-9.200000e-01	-9.697479e-01	3.101493e-03
148	-9.200000e-01	-9.694118e-01	3.098751e-03
149	-9.200000e-01	-9.690801e-01	3.095697e-03
150	-9.200000e-01	-9.687529e-01	3.092349e-03
151	-9.200000e-01	-9.684301e-01	3.088723e-03
152	-9.200000e-01	-9.681115e-01	3.084834e-03
153	-9.200000e-01	-9.677970e-01	3.080696e-03
154	-9.200000e-01	-9.674866e-01	3.076323e-03
155	-9.200000e-01	-9.671803e-01	3.071727e-03
156	-9.200000e-01	-9.668778e-01	3.066921e-03
157	-9.200000e-01	-9.665792e-01	3.061917e-03
158	-9.200000e-01	-9.662844e-01	3.056726e-03
159	-9.200000e-01	-9.659933e-01	3.051357e-03
160	-9.200000e-01	-9.657059e-01	3.045822e-03
161	-9.200000e-01	-9.654220e-01	3.040128e-03
162	-9.200000e-01	-9.651416e-01	3.034286e-03
163	-8.776471e-01	-9.646048e-01	3.063013e-03
164	-8.400000e-01	-9.638451e-01	3.137660e-03
165	-8.400000e-01	-9.630945e-01	3.207638e-03
166	-8.258824e-01	-9.622679e-01	3.293662e-03
167	-8.400000e-01	-9.615358e-01	3.354747e-03
168	-8.400000e-01	-9.608123e-01	3.412286e-03
169	-8.180392e-01	-9.599675e-01	3.495655e-03
170	-7.741176e-01	-9.588743e-01	3.642939e-03
171	-7.600000e-01	-9.577113e-01	3.803732e-03
172	-8.133333e-01	-9.568719e-01	3.873596e-03
173	-8.400000e-01	-9.561963e-01	3.909944e-03
174	-8.400000e-01	-9.555285e-01	3.944349e-03
175	-8.400000e-01	-9.548683e-01	3.976921e-03
176	-8.400000e-01	-9.542157e-01	4.007760e-03
177	-8.400000e-01	-9.535704e-01	4.036959e-03
178	-8.400000e-01	-9.529324e-01	4.064605e-03
179	-8.400000e-01	-9.523015e-01	4.090779e-03
180	-8.400000e-01	-9.516776e-01	4.115553e-03
181	-8.400000e-01	-9.510606e-01	4.138999e-03
182	-8.400000e-01	-9.504503e-01	4.161181e-03
183	-8.400000e-01	-9.498468e-01	4.182160e-03
184	-8.400000e-01	-9.492498e-01	4.201994e-03
185	-8.400000e-01	-9.486592e-01	4.220735e-03
186	-8.400000e-01	-9.480751e-01	4.238435e-03
187	-8.400000e-01	-9.474971e-01	4.255140e-03
188	-8.400000e-01	-9.469253e-01	4.270895e-03
189	-8.400000e-01	-9.463596e-01	4.285742e-03
190	-8.400000e-01	-9.457998e-01	4.299721e-03
191	-8.400000e-01	-9.452459e-01	4.312870e-03
192	-8.400000e-01	-9.446977e-01	4.325224e-03
193	-8.196078e-01	-9.440496e-01	4.351297e-03
194	-8.400000e-01	-9.435132e-01	4.361909e-03
195	-8.400000e-01	-9.429824e-01	4.371830e-03
196	-8.400000e-01	-9.424570e-01	4.381088e-03
197	-8.400000e-01	-9.419369e-01	4.389710e-03
198	-8.854902e-01	-9.416518e-01	4.376778e-03
199	-9.200000e-01	-9.415430e-01	4.356088e-03
200	-9.200000e-01	-9.414353e-01	4.335591e-03
201	-9.200000e-01	-9.413287e-01	4.315285e-03
202	-9.200000e-01	-9.412231e-01	4.295167e-03
203	-9.200000e-01	-9.411185e-01	4.275235e-03
204	-9.200000e-01	-9.410150e-01	4.255485e-03
205	-9.200000e-01	-9.409125e-01	4.235917e-03
206	-9.200000e-01	-9.408110e-01	4.216526e-03
207	-9.200000e-01	-9.407104e-01	4.197311e-03
208	-8.823529e-01	-9.404299e-01	4.186495e-03
209	-8.400000e-01	-9.399493e-01	4.194034e-03
210	-8.400000e-01	-9.394734e-01	4.201063e-03
211	-8.400000e-01	-9.390020e-01	4.207600e-03
212	-8.400000e-01	-9.385350e-01	4.213663e-03
213	-8.400000e-01	-9.380724e-01	4.219271e-03
214	-8.196078e-01	-9.375188e-01	4.235837e-03
215	-8.400000e-01	-9.370652e-01	4.240417e-03
216	-8.400000e-01	-9.366158e-01	4.244595e-03
217	-8.400000e-01	-9.361706e-01	4.248384e-03
218	-8.400000e-01	-9.357294e-01	4.251799e-03
219	-8.400000e-01	-9.352923e-01	4.254853e-03
220	-8.400000e-01	-9.348592e-01	4.257560e-03
221	-7.741176e-01	-9.341318e-01	4.300208e-03
222	-8.337255e-01	-9.336796e-01	4.304620e-03
223	-8.400000e-01	-9.332595e-01	4.305815e-03
224	-8.400000e-01	-9.328431e-01	4.306721e-03
225	-8.400000e-01	-9.324305e-01	4.307347e-03
226	-8.400000e-01	-9.320215e-01	4.307705e-03
227	-8.400000e-01	-9.316161e-01	4.307803e-03
228	-8.400000e-01	-9.312143e-01	4.307650e-03
229	-8.400000e-01	-9.308160e-01	4.307254e-03
230	-8.400000e-01	-9.304211e-01	4.306625e-03
231	-8.400000e-01	-9.300297e-01	4.305771e-03
232	-8.400000e-01	-9.296416e-01	4.304698e-03
233	-8.400000e-01	-9.292569e-01	4.303415e-03
234	-8.400000e-01	-9.288755e-01	4.301929e-03
235	-8.400000e-01	-9.284973e-01	4.300247e-03
236	-8.400000e-01	-9.281223e-01	4.298375e-03
237	-8.400000e-01	-9.277505e-01	4.296320e-03
238	-8.400000e-01	-9.273818e-01	4.294088e-03
239	-8.400000e-01	-9.270162e-01	4.291685e-03
240	-8.400000e-01	-9.266536e-01	4.289117e-03
241	-8.400000e-01	-9.262940e-01	4.286390e-03
242	-8.400000e-01	-9.259374e-01	4.283509e-03
243	-8.400000e-01	-9.255838e-01	4.280480e-03
244	-9.043137e-01	-9.254966e-01	4.263792e-03
245	-9.200000e-01	-9.254742e-01	4.246412e-03
246	-9.200000e-01	-9.254519e-01	4.229174e-03
247	-9.200000e-01	-9.254299e-01	4.212075e-03
248	-9.200000e-01	-9.254080e-01	4.195113e-03
249	-9.200000e-01	-9.253863e-01	4.178288e-03
250	-9.200000e-01	-9.253647e-01	4.161597e-03
251	-9.200000e-01	-9.253433e-01	4.145039e-03
252	-9.200000e-01	-9.253221e-01	4.128612e-03
253	-9.200000e-01	-9.253011e-01	4.112315e-03
254	-9.200000e-01	-9.252802e-01	4.096146e-03
255	-9.200000e-01	-9.252595e-01	4.080103e-03
256	-9.200000e-01	-9.252390e-01	4.064186e-03
257	-9.200000e-01	-9.252186e-01	4.048392e-03
258	-9.200000e-01	-9.251984e-01	4.032721e-03
259	-9.200000e-01	-9.251783e-01	4.017171e-03
260	-9.200000e-01	-9.251584e-01	4.001740e-03
261	-9.200000e-01	-9.251386e-01	3.986427e-03
262	-9.200000e-01	-9.251190e-01	3.971231e-03
263	-9.200000e-01	-9.250995e-01	3.956150e-03
264	-9.200000e-01	-9.250802e-01	3.941184e-03
265	-9.200000e-01	-9.250610e-01	3.926330e-03
266	-8.556863e-01	-9.248002e-01	3.920227e-03
267	-8.400000e-01	-9.244826e-01	3.918409e-03
268	-8.400000e-01	-9.241674e-01	3.916468e-03
269	-8.901961e-01	-9.240411e-01	3.903925e-03
270	-9.200000e-01	-9.240261e-01	3.889468e-03
271	-9.200000e-01	-9.240113e-01	3.875117e-03
272	-9.200000e-01	-9.239965e-01	3.860872e-03
273	-9.200000e-01	-9.239819e-01	3.846732e-03
274	-9.200000e-01	-9.239674e-01	3.832695e-03
275	-9.200000e-01	-9.239529e-01	3.818759e-03
276	-9.200000e-01	-9.239386e-01	3.804925e-03
277	-9.200000e-01	-9.239244e-01	3.791191e-03
278	-9.200000e-01	-9.239103e-01	3.777555e-03
279	-9.200000e-01	-9.238963e-01	3.764017e-03
280	-9.168627e-01	-9.238711e-01	3.750634e-03
281	-8.400000e-01	-9.235727e-01	3.749163e-03
282	-8.400000e-01	-9.232763e-01	3.747580e-03
283	-8.400000e-01	-9.229821e-01	3.745891e-03
284	-8.400000e-01	-9.226899e-01	3.744096e-03
285	-8.400000e-01	-9.223997e-01	3.742200e-03
286	-8.400000e-01	-9.221116e-01	3.740206e-03
287	-8.400000e-01	-9.218255e-01	3.738116e-03
288	-8.400000e-01	-9.215414e-01	3.735933e-03
289	-8.400000e-01	-9.212592e-01	3.733660e-03
290	-8.400000e-01	-9.209790e-01	3.731299e-03
291	-8.400000e-01	-9.207008e-01	3.728852e-03
292	-8.400000e-01	-9.204244e-01	3.726324e-03
293	-8.400000e-01	-9.201499e-01	3.723714e-03
294	-8.400000e-01	-9.198773e-01	3.721027e-03
295	-8.180392e-01	-9.195321e-01	3.724425e-03
296	-7.600000e-01	-9.189931e-01	3.750746e-03
297	-7.600000e-01	-9.184578e-01	3.776233e-03
298	-7.600000e-01	-9.179260e-01	3.800918e-03
299	-7.600000e-01	-9.173979e-01	3.824829e-03
300	-8.023529e-01	-9.170144e-01	3.831299e-03
301	-8.400000e-01	-9.167585e-01	3.827111e-03
302	-8.400000e-01	-9.165044e-01	3.822876e-03
303	-8.400000e-01	-9.162519e-01	3.818595e-03
304	-8.400000e-01	-9.160010e-01	3.814270e-03
305	-8.588235e-01	-9.158136e-01	3.806363e-03
306	-9.200000e-01	-9.158272e-01	3.793928e-03
307	-9.200000e-01	-9.158408e-01	3.781574e-03
308	-9.200000e-01	-9.158543e-01	3.769300e-03
309	-9.200000e-01	-9.158678e-01	3.757106e-03
310	-9.200000e-01	-9.158811e-01	3.744990e-03
311	-9.200000e-01	-9.158943e-01	3.732953e-03
312	-9.011765e-01	-9.158472e-01	3.721268e-03
313	-9.200000e-01	-9.158604e-01	3.709384e-03
314	-9.200000e-01	-9.158736e-01	3.697575e-03
315	-9.200000e-01	-9.158867e-01	3.685841e-03
316	-9.200000e-01	-9.158997e-01	3.674182e-03
317	-9.200000e-01	-9.159127e-01	3.662596e-03
318	-8.666667e-01	-9.157578e-01	3.654343e-03
319	-9.200000e-01	-9.157711e-01	3.642893e-03
320	-9.200000e-01	-9.157843e-01	3.631515e-03
321	-9.200000e-01	-9.157974e-01	3.620208e-03
322	-9.200000e-01	-9.158105e-01	3.608972e-03
323	-9.200000e-01	-9.158235e-01	3.597804e-03
324	-9.200000e-01	-9.158364e-01	3.586706e-03
325	-9.200000e-01	-9.158492e-01	3.575676e-03
326	-9.200000e-01	-9.158619e-01	3.564714e-03
327	-9.200000e-01	-9.158746e-01	3.553818e-03
328	-9.200000e-01	-9.158871e-01	3.542989e-03
329	-9.200000e-01	-9.158996e-01	3.532226e-03
330	-9.200000e-01	-9.159121e-01	3.521528e-03
331	-9.200000e-01	-9.159244e-01	3.510894e-03
332	-9.200000e-01	-9.159367e-01	3.500325e-03
333	-9.200000e-01	-9.159489e-01	3.489819e-03
334	-9.200000e-01	-9.159610e-01	3.479376e-03
335	-9.200000e-01	-9.159731e-01	3.468995e-03
336	-9.200000e-01	-9.159851e-01	3.458676e-03
337	-9.200000e-01	-9.159970e-01	3.448418e-03
338	-9.200000e-01	-9.160088e-01	3.438221e-03
339	-9.200000e-01	-9.160206e-01	3.428084e-03
340	-9.200000e-01	-9.160323e-01	3.418006e-03
341	-9.200000e-01	-9.160439e-01	3.407988e-03
342	-9.200000e-01	-9.160555e-01	3.398028e-03
343	-9.200000e-01	-9.160670e-01	3.388127e-03
344	-9.200000e-01	-9.160784e-01	3.378282e-03
345	-9.074510e-01	-9.160534e-01	3.368569e-03
346	-8.400000e-01	-9.158336e-01	3.366004e-03
347	-8.400000e-01	-9.156151e-01	3.363397e-03
348	-8.400000e-01	-9.153978e-01	3.360749e-03
349	-8.400000e-01	-9.151818e-01	3.358062e-03
350	-8.400000e-01	-9.149669e-01	3.355337e-03
351	-8.400000e-01	-9.147534e-01	3.352574e-03
352	-8.400000e-01	-9.145410e-01	3.349775e-03
353	-8.400000e-01	-9.143298e-01	3.346940e-03
354	-8.901961e-01	-9.142617e-01	3.338168e-03
355	-9.200000e-01	-9.142778e-01	3.328791e-03
356	-9.200000e-01	-9.142939e-01	3.319466e-03
357	-9.200000e-01	-9.143099e-01	3.310193e-03
358	-9.200000e-01	-9.143258e-01	3.300972e-03
359	-9.200000e-01	-9.143416e-01	3.291803e-03
360	-9.200000e-01	-9.143573e-01	3.282684e-03
361	-9.200000e-01	-9.143729e-01	3.273615e-03
362	-8.494118e-01	-9.141935e-01	3.269488e-03
363	-8.400000e-01	-9.139891e-01	3.266868e-03
364	-8.400000e-01	-9.137858e-01	3.264216e-03
365	-8.400000e-01	-9.135837e-01	3.261532e-03
366	-8.400000e-01	-9.133826e-01	3.258816e-03
367	-8.792157e-01	-9.132895e-01	3.251257e-03
368	-8.839216e-01	-9.132097e-01	3.243392e-03
369	-8.603922e-01	-9.130666e-01	3.237756e-03
370	-9.200000e-01	-9.130853e-01	3.229048e-03
371	-9.200000e-01	-9.131040e-01	3.220386e-03
372	-9.200000e-01	-9.131225e-01	3.211771e-03
373	-9.200000e-01	-9.131409e-01	3.203202e-03
374	-9.200000e-01	-9.131593e-01	3.194679e-03
375	-9.200000e-01	-9.131775e-01	3.186200e-03
376	-9.200000e-01	-9.131957e-01	3.177767e-03
377	-9.105882e-01	-9.131887e-01	3.169334e-03
378	-9.200000e-01	-9.132068e-01	3.160990e-03
379	-9.200000e-01	-9.132247e-01	3.152689e-03
380	-9.200000e-01	-9.132425e-01	3.144432e-03
381	-9.200000e-01	-9.132603e-01	3.136219e-03
382	-9.200000e-01	-9.132779e-01	3.128048e-03
383	-9.200000e-01	-9.132954e-01	3.119919e-03
384	-9.200000e-01	-9.133129e-01	3.111833e-03
385	-8.682353e-01	-9.131958e-01	3.105947e-03
386	-8.400000e-01	-9.130062e-01	3.103688e-03
387	-8.400000e-01	-9.128176e-01	3.101401e-03
388	-8.007843e-01	-9.125288e-01	3.106844e-03
389	-7.600000e-01	-9.121367e-01	3.123556e-03
390	-7.600000e-01	-9.117466e-01	3.139863e-03
391	-7.600000e-01	-9.113585e-01	3.155777e-03
392	-7.600000e-01	-9.109724e-01	3.171310e-03
393	-7.600000e-01	-9.105882e-01	3.186471e-03
394	-7.600000e-01	-9.102060e-01	3.201271e-03
395	-7.600000e-01	-9.098258e-01	3.215720e-03
396	-7.678431e-01	-9.094672e-01	3.227565e-03
397	-8.400000e-01	-9.092922e-01	3.224177e-03
398	-8.400000e-01	-9.091181e-01	3.220775e-03
399	-8.400000e-01	-9.089449e-01	3.217360e-03
400	-8.400000e-01	-9.087725e-01	3.213931e-03
401	-8.400000e-01	-9.086010e-01	3.210490e-03
402	-8.400000e-01	-9.084304e-01	3.207038e-03
403	-8.400000e-01	-9.082606e-01	3.203573e-03
404	-8.400000e-01	-9.080916e-01	3.200097e-03
405	-8.400000e-01	-9.079235e-01	3.196610e-03
406	-9.168627e-01	-9.079455e-01	3.188803e-03
407	-9.200000e-01	-9.079751e-01	3.181097e-03
408	-8.792157e-01	-9.079047e-01	3.174073e-03
409	-8.400000e-01	-9.077386e-01	3.170653e-03
410	-8.400000e-01	-9.075734e-01	3.167222e-03
411	-8.117647e-01	-9.073403e-01	3.168095e-03
412	-7.631373e-01	-9.069903e-01	3.179718e-03
413	-8.400000e-01	-9.068281e-01	3.176154e-03
414	-8.400000e-01	-9.066667e-01	3.172582e-03
415	-8.400000e-01	-9.065060e-01	3.169002e-03
416	-8.400000e-01	-9.063462e-01	3.165415e-03
417	-8.400000e-01	-9.061871e-01	3.161821e-03
418	-8.400000e-01	-9.060287e-01	3.158219e-03
419	-8.400000e-01	-9.058711e-01	3.154611e-03
420	-8.400000e-01	-9.057143e-01	3.150997e-03
421	-8.400000e-01	-9.055582e-01	3.147376e-03
422	-8.682353e-01	-9.054698e-01	3.141155e-03
423	-9.200000e-01	-9.055041e-01	3.133908e-03
424	-9.200000e-01	-9.055383e-01	3.126695e-03
425	-9.200000e-01	-9.055723e-01	3.119515e-03
426	-9.200000e-01	-9.056062e-01	3.112368e-03
427	-9.200000e-01	-9.056399e-01	3.105253e-03
428	-9.200000e-01	-9.056734e-01	3.098171e-03
429	-9.200000e-01	-9.057068e-01	3.091121e-03
430	-9.200000e-01	-9.057401e-01	3.084104e-03
431	-9.200000e-01	-9.057732e-01	3.077117e-03
432	-9.200000e-01	-9.058061e-01	3.070163e-03
433	-9.200000e-01	-9.058389e-01	3.063240e-03
434	-9.200000e-01	-9.058715e-01	3.056347e-03
435	-9.200000e-01	-9.059040e-01	3.049486e-03
436	-9.200000e-01	-9.059363e-01	3.042656e-03
437	-9.200000e-01	-9.059685e-01	3.035856e-03
438	-9.200000e-01	-9.060005e-01	3.029086e-03
439	-9.200000e-01	-9.060324e-01	3.022346e-03
440	-9.200000e-01	-9.060642e-01	3.015637e-03
441	-9.200000e-01	-9.060958e-01	3.008957e-03
442	-9.200000e-01	-9.061272e-01	3.002306e-03
443	-9.200000e-01	-9.061585e-01	2.995685e-03
444	-9.200000e-01	-9.061897e-01	2.989093e-03
445	-9.200000e-01	-9.062208e-01	2.982530e-03
446	-9.200000e-01	-9.062516e-01	2.975995e-03
447	-8.745098e-01	-9.061806e-01	2.970179e-03
448	-8.400000e-01	-9.060329e-01	2.967221e-03
449	-8.400000e-01	-9.058858e-01	2.964256e-03
450	-8.839216e-01	-9.058370e-01	2.958064e-03
451	-9.200000e-01	-9.058684e-01	2.951665e-03
452	-9.200000e-01	-9.058997e-01	2.945293e-03
453	-9.200000e-01	-9.059308e-01	2.938949e-03
454	-9.200000e-01	-9.059618e-01	2.932632e-03
455	-9.200000e-01	-9.059927e-01	2.926343e-03
456	-9.200000e-01	-9.060234e-01	2.920080e-03
457	-9.200000e-01	-9.060540e-01	2.913844e-03
458	-9.200000e-01	-9.060844e-01	2.907634e-03
459	-9.200000e-01	-9.061147e-01	2.901451e-03
460	-9.200000e-01	-9.061449e-01	2.895294e-03
461	-8.713725e-01	-9.060695e-01	2.889991e-03
462	-8.400000e-01	-9.059265e-01	2.887273e-03
463	-8.400000e-01	-9.057841e-01	2.884546e-03
464	-8.400000e-01	-9.056423e-01	2.881813e-03
465	-8.400000e-01	-9.055012e-01	2.879071e-03
466	-8.400000e-01	-9.053606e-01	2.876323e-03
467	-8.400000e-01	-9.052206e-01	2.873568e-03
468	-8.400000e-01	-9.050813e-01	2.870805e-03
469	-8.447059e-01	-9.049525e-01	2.867569e-03
470	-9.200000e-01	-9.049846e-01	2.861640e-03
471	-9.200000e-01	-9.050164e-01	2.855736e-03
472	-9.200000e-01	-9.050482e-01	2.849856e-03
473	-9.200000e-01	-9.050798e-01	2.844000e-03
474	-9.200000e-01	-9.051113e-01	2.838169e-03
475	-9.200000e-01	-9.051426e-01	2.832361e-03
476	-9.200000e-01	-9.051738e-01	2.826576e-03
477	-9.200000e-01	-9.052049e-01	2.820816e-03
478	-9.200000e-01	-9.052359e-01	2.815078e-03
479	-9.200000e-01	-9.052667e-01	2.809364e-03
480	-9.200000e-01	-9.052974e-01	2.803673e-03
481	-9.200000e-01	-9.053280e-01	2.798005e-03
482	-9.200000e-01	-9.053584e-01	2.792360e-03
483	-9.200000e-01	-9.053887e-01	2.786738e-03
484	-9.200000e-01	-9.054189e-01	2.781138e-03
485	-9.200000e-01	-9.054490e-01	2.775561e-03
486	-9.200000e-01	-9.054789e-01	2.770006e-03
487	-9.200000e-01	-9.055087e-01	2.764473e-03
488	-9.200000e-01	-9.055384e-01	2.758962e-03
489	-8.400000e-01	-9.054044e-01	2.756574e-03
490	-8.400000e-01	-9.052709e-01	2.754179e-03
491	-8.792157e-01	-9.052178e-01	2.749076e-03
492	-9.200000e-01	-9.052479e-01	2.743647e-03
493	-9.200000e-01	-9.052778e-01	2.738240e-03
494	-9.200000e-01	-9.053076e-01	2.732854e-03
495	-9.200000e-01	-9.053373e-01	2.727489e-03
496	-9.200000e-01	-9.053669e-01	2.722145e-03
497	-9.200000e-01	-9.053963e-01	2.716822e-03
498	-9.200000e-01	-9.054256e-01	2.711519e-03
499	-9.200000e-01	-9.054548e-01	2.706238e-03
500	-9.200000e-01	-9.054839e-01	2.700976e-03
501	-9.200000e-01	-9.055129e-01	2.695736e-03
502	-9.200000e-01	-9.055418e-01	2.690515e-03
503	-9.200000e-01	-9.055705e-01	2.685315e-03
504	-9.200000e-01	-9.055991e-01	2.680134e-03
505	-9.200000e-01	-9.056276e-01	2.674974e-03
506	-9.200000e-01	-9.056560e-01	2.669833e-03
507	-8.980392e-01	-9.056410e-01	2.664604e-03
508	-8.776471e-01	-9.055859e-01	2.659925e-03
509	-9.200000e-01	-9.056142e-01	2.654845e-03
510	-9.200000e-01	-9.056424e-01	2.649784e-03
511	-9.200000e-01	-9.056705e-01	2.644743e-03
512	-8.901961e-01	-9.056403e-01	2.639745e-03
513	-8.478431e-01	-9.055277e-01	2.637003e-03
514	-9.200000e-01	-9.055558e-01	2.632018e-03
515	-9.200000e-01	-9.055839e-01	2.627052e-03
516	-9.200000e-01	-9.056118e-01	2.622105e-03
517	-9.200000e-01	-9.056396e-01	2.617176e-03
518	-9.200000e-01	-9.056673e-01	2.612266e-03
519	-9.200000e-01	-9.056950e-01	2.607374e-03
520	-9.200000e-01	-9.057225e-01	2.602500e-03
521	-9.200000e-01	-9.057499e-01	2.597645e-03
522	-9.200000e-01	-9.057772e-01	2.592807e-03
523	-9.200000e-01	-9.058044e-01	2.587988e-03
524	-9.200000e-01	-9.058315e-01	2.583186e-03
525	-9.200000e-01	-9.058585e-01	2.578402e-03
526	-9.200000e-01	-9.058853e-01	2.573636e-03
527	-9.200000e-01	-9.059121e-01	2.568888e-03
528	-9.200000e-01	-9.059388e-01	2.564157e-03
529	-9.200000e-01	-9.059654e-01	2.559443e-03
530	-9.200000e-01	-9.059919e-01	2.554746e-03
531	-9.200000e-01	-9.060182e-01	2.550067e-03
532	-9.200000e-01	-9.060445e-01	2.545405e-03
533	-9.200000e-01	-9.060707e-01	2.540760e-03
534	-9.200000e-01	-9.060968e-01	2.536131e-03
535	-9.200000e-01	-9.061228e-01	2.531520e-03
536	-9.200000e-01	-9.061487e-01	2.526925e-03
537	-9.200000e-01	-9.061745e-01	2.522347e-03
538	-9.200000e-01	-9.062002e-01	2.517785e-03
539	-8.682353e-01	-9.061297e-01	2.514097e-03
540	-9.200000e-01	-9.061554e-01	2.509568e-03
541	-9.200000e-01	-9.061810e-01	2.505056e-03
542	-9.200000e-01	-9.062065e-01	2.500560e-03
543	-9.168627e-01	-9.062261e-01	2.496028e-03
544	-8.400000e-01	-9.061044e-01	2.494408e-03
545	-8.400000e-01	-9.059831e-01	2.492779e-03
546	-8.400000e-01	-9.058622e-01	2.491142e-03
547	-8.400000e-01	-9.057418e-01	2.489497e-03
548	-8.400000e-01	-9.056219e-01	2.487845e-03
549	-8.400000e-01	-9.055023e-01	2.486184e-03
550	-8.400000e-01	-9.053832e-01	2.484515e-03
551	-8.400000e-01	-9.052646e-01	2.482839e-03
552	-8.400000e-01	-9.051463e-01	2.481156e-03
553	-8.400000e-01	-9.050285e-01	2.479466e-03
554	-8.400000e-01	-9.049112e-01	2.477768e-03
555	-8.400000e-01	-9.047942e-01	2.476063e-03
556	-8.400000e-01	-9.046777e-01	2.474352e-03
557	-8.400000e-01	-9.045616e-01	2.472633e-03
558	-8.400000e-01	-9.044459e-01	2.470909e-03
559	-8.400000e-01	-9.043306e-01	2.469177e-03
560	-8.400000e-01	-9.042157e-01	2.467440e-03
561	-8.400000e-01	-9.041012e-01	2.465696e-03
562	-8.400000e-01	-9.039872e-01	2.463946e-03
563	-8.400000e-01	-9.038735e-01	2.462190e-03
564	-8.400000e-01	-9.037603e-01	2.460428e-03
565	-8.400000e-01	-9.036474e-01	2.458661e-03
566	-8.400000e-01	-9.035350e-01	2.456888e-03
567	-8.400000e-01	-9.034229e-01	2.455110e-03
568	-8.400000e-01	-9.033112e-01	2.453326e-03
569	-8.949020e-01	-9.032965e-01	2.449055e-03
570	-8.400000e-01	-9.031854e-01	2.447275e-03
571	-8.400000e-01	-9.030748e-01	2.445490e-03
572	-8.400000e-01	-9.029645e-01	2.443701e-03
573	-8.400000e-01	-9.028546e-01	2.441906e-03
574	-8.400000e-01	-9.027451e-01	2.440106e-03
575	-8.321569e-01	-9.026223e-01	2.438950e-03
576	-7.600000e-01	-9.023747e-01	2.447271e-03
577	-7.600000e-01	-9.021280e-01	2.455455e-03
578	-7.600000e-01	-9.018821e-01	2.463506e-03
579	-7.600000e-01	-9.016370e-01	2.471426e-03
580	-7.600000e-01	-9.013928e-01	2.479218e-03
581	-7.600000e-01	-9.011495e-01	2.486883e-03
582	-7.600000e-01	-9.009069e-01	2.494424e-03
583	-7.600000e-01	-9.006653e-01	2.501844e-03
584	-8.196078e-01	-9.005265e-01	2.501410e-03
585	-8.400000e-01	-9.004230e-01	2.499273e-03
586	-8.400000e-01	-9.003199e-01	2.497134e-03
587	-8.400000e-01	-9.002171e-01	2.494993e-03
588	-8.400000e-01	-9.001147e-01	2.492851e-03
589	-8.400000e-01	-9.000127e-01	2.490707e-03
590	-8.400000e-01	-8.999109e-01	2.488561e-03
591	-8.400000e-01	-8.998096e-01	2.486414e-03
592	-8.400000e-01	-8.997085e-01	2.484266e-03
593	-8.400000e-01	-8.996078e-01	2.482116e-03
594	-8.400000e-01	-8.995075e-01	2.479965e-03
595	-8.400000e-01	-8.994075e-01	2.477813e-03
596	-8.400000e-01	-8.993078e-01	2.475659e-03
597	-8.101961e-01	-8.991585e-01	2.476012e-03
598	-8.400000e-01	-8.990596e-01	2.473847e-03
599	-9.058824e-01	-8.990710e-01	2.469740e-03
600	-9.200000e-01	-8.991059e-01	2.465867e-03
601	-9.200000e-01	-8.991406e-01	2.462006e-03
602	-9.200000e-01	-8.991753e-01	2.458157e-03
603	-9.200000e-01	-8.992098e-01	2.454320e-03
604	-9.200000e-01	-8.992443e-01	2.450495e-03
605	-9.200000e-01	-8.992786e-01	2.446682e-03
606	-9.200000e-01	-8.993128e-01	2.442881e-03
607	-9.200000e-01	-8.993468e-01	2.439091e-03
608	-9.200000e-01	-8.993808e-01	2.435313e-03
609	-9.200000e-01	-8.994147e-01	2.431546e-03
610	-9.200000e-01	-8.994484e-01	2.427792e-03
611	-9.200000e-01	-8.994820e-01	2.424048e-03
612	-9.200000e-01	-8.995156e-01	2.420316e-03
613	-9.200000e-01	-8.995490e-01	2.416596e-03
614	-8.698039e-01	-8.995005e-01	2.413143e-03
615	-8.400000e-01	-8.994038e-01	2.411158e-03
616	-8.666667e-01	-8.993506e-01	2.407827e-03
617	-9.200000e-01	-8.993841e-01	2.404154e-03
618	-9.200000e-01	-8.994175e-01	2.400493e-03
619	-8.870588e-01	-8.993975e-01	2.396695e-03
620	-8.400000e-01	-8.993017e-01	2.394743e-03
621	-8.400000e-01	-8.992062e-01	2.392790e-03
622	-8.400000e-01	-8.991110e-01	2.390836e-03
623	-8.400000e-01	-8.990161e-01	2.388880e-03
624	-8.400000e-01	-8.989216e-01	2.386923e-03
625	-8.400000e-01	-8.988273e-01	2.384965e-03
626	-8.400000e-01	-8.987333e-01	2.383006e-03
627	-8.400000e-01	-8.986396e-01	2.381045e-03
628	-8.400000e-01	-8.985463e-01	2.379084e-03
629	-8.400000e-01	-8.984532e-01	2.377122e-03
630	-8.400000e-01	-8.983604e-01	2.375158e-03
631	-8.933333e-01	-8.983524e-01	2.371405e-03
632	-9.200000e-01	-8.983867e-01	2.367897e-03
633	-8.980392e-01	-8.983861e-01	2.364153e-03
634	-9.011765e-01	-8.983905e-01	2.360426e-03
635	-9.200000e-01	-8.984246e-01	2.356951e-03
636	-9.200000e-01	-8.984585e-01	2.353487e-03
637	-9.200000e-01	-8.984923e-01	2.350033e-03
638	-9.200000e-01	-8.985260e-01	2.346589e-03
639	-9.200000e-01	-8.985596e-01	2.343154e-03
640	-9.200000e-01	-8.985931e-01	2.339730e-03
641	-9.200000e-01	-8.986265e-01	2.336316e-03
642	-9.200000e-01	-8.986598e-01	2.332911e-03
643	-9.200000e-01	-8.986930e-01	2.329517e-03
644	-9.200000e-01	-8.987261e-01	2.326132e-03
645	-9.200000e-01	-8.987591e-01	2.322757e-03
646	-9.200000e-01	-8.987920e-01	2.319392e-03
647	-9.200000e-01	-8.988247e-01	2.316036e-03
648	-9.200000e-01	-8.988574e-01	2.312690e-03
649	-9.200000e-01	-8.988900e-01	2.309354e-03
650	-9.200000e-01	-8.989225e-01	2.306027e-03
651	-9.200000e-01	-8.989549e-01	2.302709e-03
652	-9.200000e-01	-8.989871e-01	2.299402e-03
653	-9.200000e-01	-8.990193e-01	2.296103e-03
654	-9.200000e-01	-8.990514e-01	2.292814e-03
655	-9.200000e-01	-8.990834e-01	2.289534e-03
656	-9.200000e-01	-8.991153e-01	2.286264e-03
657	-9.074510e-01	-8.991279e-01	2.282816e-03
658	-9.090196e-01	-8.991430e-01	2.279394e-03
659	-9.200000e-01	-8.991746e-01	2.276153e-03
660	-9.200000e-01	-8.992062e-01	2.272920e-03
661	-9.200000e-01	-8.992376e-01	2.269697e-03
662	-9.200000e-01	-8.992690e-01	2.266483e-03
663	-9.200000e-01	-8.993003e-01	2.263278e-03
664	-9.200000e-01	-8.993314e-01	2.260082e-03
665	-9.200000e-01	-8.993625e-01	2.256895e-03
666	-9.200000e-01	-8.993935e-01	2.253716e-03
667	-9.200000e-01	-8.994244e-01	2.250547e-03
668	-9.200000e-01	-8.994552e-01	2.247387e-03
669	-9.200000e-01	-8.994859e-01	2.244235e-03
670	-9.200000e-01	-8.995165e-01	2.241092e-03
671	-9.200000e-01	-8.995471e-01	2.237958e-03
672	-9.200000e-01	-8.995775e-01	2.234832e-03
673	-9.200000e-01	-8.996078e-01	2.231715e-03
674	-9.200000e-01	-8.996381e-01	2.228607e-03
675	-9.200000e-01	-8.996683e-01	2.225507e-03
676	-9.074510e-01	-8.996798e-01	2.222243e-03
677	-8.400000e-01	-8.995916e-01	2.220708e-03
678	-8.400000e-01	-8.995037e-01	2.219172e-03
679	-8.400000e-01	-8.994161e-01	2.217633e-03
680	-8.337255e-01	-8.993195e-01	2.216476e-03
681	-8.400000e-01	-8.992324e-01	2.214932e-03
682	-8.400000e-01	-8.991455e-01	2.213387e-03
683	-8.258824e-01	-8.990383e-01	2.212745e-03
684	-8.400000e-01	-8.989520e-01	2.211193e-03
685	-8.400000e-01	-8.988659e-01	2.209639e-03
686	-8.400000e-01	-8.987801e-01	2.208084e-03
687	-8.400000e-01	-8.986945e-01	2.206527e-03
688	-8.400000e-01	-8.986092e-01	2.204968e-03
689	-8.211765e-01	-8.984968e-01	2.204632e-03
690	-7.145098e-01	-8.982302e-01	2.217525e-03
691	-6.956863e-01	-8.979371e-01	2.233629e-03
692	-7.866667e-01	-8.977763e-01	2.236188e-03
693	-8.400000e-01	-8.976929e-01	2.234514e-03
694	-8.400000e-01	-8.976098e-01	2.232840e-03
695	-8.400000e-01	-8.975269e-01	2.231166e-03
696	-8.400000e-01	-8.974442e-01	2.229490e-03
697	-8.400000e-01	-8.973618e-01	2.227814e-03
698	-8.400000e-01	-8.972796e-01	2.226138e-03
699	-8.400000e-01	-8.971977e-01	2.224461e-03
700	-8.400000e-01	-8.971160e-01	2.222783e-03
701	-8.400000e-01	-8.970345e-01	2.221105e-03
702	-8.666667e-01	-8.969912e-01	2.218360e-03
703	-9.200000e-01	-8.970240e-01	2.215444e-03
704	-9.200000e-01	-8.970566e-01	2.212536e-03
705	-9.200000e-01	-8.970891e-01	2.209635e-03
706	-9.200000e-01	-8.971216e-01	2.206742e-03
707	-9.200000e-01	-8.971540e-01	2.203856e-03
708	-9.200000e-01	-8.971862e-01	2.200977e-03
709	-9.200000e-01	-8.972184e-01	2.198106e-03
710	-9.200000e-01	-8.972505e-01	2.195243e-03
711	-9.105882e-01	-8.972692e-01	2.192233e-03
712	-8.180392e-01	-8.971580e-01	2.191978e-03
713	-8.996078e-01	-8.971614e-01	2.188905e-03
714	-9.200000e-01	-8.971934e-01	2.186071e-03
715	-9.200000e-01	-8.972253e-01	2.183244e-03
716	-9.200000e-01	-8.972571e-01	2.180425e-03
717	-8.964706e-01	-8.972560e-01	2.177382e-03
718	-9.152941e-01	-8.972811e-01	2.174492e-03
719	-9.200000e-01	-8.973127e-01	2.171696e-03
720	-9.200000e-01	-8.973442e-01	2.168906e-03
721	-9.200000e-01	-8.973756e-01	2.166124e-03
722	-9.200000e-01	-8.974070e-01	2.163349e-03
723	-9.200000e-01	-8.974382e-01	2.160581e-03
724	-9.200000e-01	-8.974694e-01	2.157819e-03
725	-9.200000e-01	-8.975005e-01	2.155065e-03
726	-9.200000e-01	-8.975315e-01	2.152318e-03
727	-9.200000e-01	-8.975624e-01	2.149577e-03
728	-9.200000e-01	-8.975932e-01	2.146844e-03
729	-9.200000e-01	-8.976239e-01	2.144117e-03
730	-9.200000e-01	-8.976546e-01	2.141397e-03
731	-9.200000e-01	-8.976851e-01	2.138684e-03
732	-9.200000e-01	-8.977156e-01	2.135978e-03
733	-9.200000e-01	-8.977460e-01	2.133279e-03
734	-9.200000e-01	-8.977764e-01	2.130586e-03
735	-8.964706e-01	-8.977746e-01	2.127686e-03
736	-8.729412e-01	-8.977408e-01	2.125061e-03
737	-9.200000e-01	-8.977710e-01	2.122391e-03
738	-9.200000e-01	-8.978012e-01	2.119727e-03
739	-9.200000e-01	-8.978312e-01	2.117070e-03
740	-9.200000e-01	-8.978612e-01	2.114419e-03
741	-9.200000e-01	-8.978910e-01	2.111775e-03
742	-9.200000e-01	-8.979208e-01	2.109138e-03
743	-9.200000e-01	-8.979505e-01	2.106507e-03
744	-9.200000e-01	-8.979802e-01	2.103882e-03
745	-9.200000e-01	-8.980097e-01	2.101264e-03
746	-9.200000e-01	-8.980392e-01	2.098653e-03
747	-9.200000e-01	-8.980686e-01	2.096048e-03
748	-9.200000e-01	-8.980979e-01	2.093449e-03
749	-9.200000e-01	-8.981272e-01	2.090856e-03
750	-9.200000e-01	-8.981563e-01	2.088270e-03
751	-9.200000e-01	-8.981854e-01	2.085691e-03
752	-9.200000e-01	-8.982144e-01	2.083117e-03
753	-9.200000e-01	-8.982434e-01	2.080550e-03
754	-9.200000e-01	-8.982722e-01	2.077989e-03
755	-9.200000e-01	-8.983010e-01	2.075435e-03
756	-9.200000e-01	-8.983297e-01	2.072887e-03
757	-9.200000e-01	-8.983583e-01	2.070344e-03
758	-9.200000e-01	-8.983869e-01	2.067808e-03
759	-9.200000e-01	-8.984154e-01	2.065278e-03
760	-9.200000e-01	-8.984438e-01	2.062755e-03
761	-9.200000e-01	-8.984721e-01	2.060237e-03
762	-9.200000e-01	-8.985003e-01	2.057726e-03
763	-9.200000e-01	-8.985285e-01	2.055220e-03
764	-9.200000e-01	-8.985566e-01	2.052721e-03
765	-9.200000e-01	-8.985846e-01	2.050227e-03
766	-9.200000e-01	-8.986126e-01	2.047740e-03
767	-9.200000e-01	-8.986405e-01	2.045258e-03
768	-9.200000e-01	-8.986683e-01	2.042783e-03
769	-9.200000e-01	-8.986960e-01	2.040313e-03
770	-9.200000e-01	-8.987237e-01	2.037850e-03
771	-9.200000e-01	-8.987513e-01	2.035392e-03
772	-9.200000e-01	-8.987788e-01	2.032940e-03
773	-9.200000e-01	-8.988063e-01	2.030494e-03
774	-9.200000e-01	-8.988337e-01	2.028054e-03
775	-9.074510e-01	-8.988448e-01	2.025466e-03
776	-8.400000e-01	-8.987690e-01	2.024275e-03
777	-8.760784e-01	-8.987397e-01	2.021879e-03
778	-9.200000e-01	-8.987671e-01	2.019463e-03
779	-9.200000e-01	-8.987943e-01	2.017053e-03
780	-9.200000e-01	-8.988215e-01	2.014649e-03
781	-9.200000e-01	-8.988486e-01	2.012251e-03
782	-9.200000e-01	-8.988757e-01	2.009858e-03
783	-9.200000e-01	-8.989027e-01	2.007470e-03
784	-9.200000e-01	-8.989296e-01	2.005089e-03
785	-9.200000e-01	-8.989564e-01	2.002713e-03
786	-9.200000e-01	-8.989832e-01	2.000342e-03
787	-9.200000e-01	-8.990099e-01	1.997978e-03
788	-9.200000e-01	-8.990365e-01	1.995618e-03
789	-9.200000e-01	-8.990631e-01	1.993264e-03
790	-9.200000e-01	-8.990896e-01	1.990916e-03
791	-9.200000e-01	-8.991160e-01	1.988573e-03
792	-9.200000e-01	-8.991424e-01	1.986236e-03
793	-9.200000e-01	-8.991687e-01	1.983904e-03
794	-9.200000e-01	-8.991949e-01	1.981577e-03
795	-9.200000e-01	-8.992211e-01	1.979256e-03
796	-9.200000e-01	-8.992472e-01	1.976941e-03
797	-9.200000e-01	-8.992733e-01	1.974630e-03
798	-9.200000e-01	-8.992992e-01	1.972325e-03
799	-9.200000e-01	-8.993251e-01	1.970026e-03
800	-9.200000e-01	-8.993510e-01	1.967731e-03
801	-9.200000e-01	-8.993768e-01	1.965442e-03
802	-9.200000e-01	-8.994025e-01	1.963158e-03
803	-9.200000e-01	-8.994281e-01	1.960880e-03
804	-9.200000e-01	-8.994537e-01	1.958607e-03
805	-9.200000e-01	-8.994792e-01	1.956339e-03
806	-9.200000e-01	-8.995047e-01	1.954076e-03
807	-9.200000e-01	-8.995301e-01	1.951818e-03
808	-9.200000e-01	-8.995554e-01	1.949565e-03
809	-9.200000e-01	-8.995807e-01	1.947318e-03
810	-9.200000e-01	-8.996059e-01	1.945076e-03
811	-9.200000e-01	-8.996311e-01	1.942839e-03
812	-9.200000e-01	-8.996561e-01	1.940607e-03
813	-9.200000e-01	-8.996812e-01	1.938380e-03
814	-9.200000e-01	-8.997061e-01	1.936158e-03
815	-9.200000e-01	-8.997310e-01	1.933941e-03
816	-9.200000e-01	-8.997559e-01	1.931729e-03
817	-9.200000e-01	-8.997806e-01	1.929523e-03
818	-9.200000e-01	-8.998054e-01	1.927321e-03
819	-9.200000e-01	-8.998300e-01	1.925124e-03
820	-9.200000e-01	-8.998546e-01	1.922932e-03
821	-9.200000e-01	-8.998792e-01	1.920745e-03
822	-9.200000e-01	-8.999036e-01	1.918564e-03
823	-9.200000e-01	-8.999280e-01	1.916387e-03
824	-9.200000e-01	-8.999524e-01	1.914214e-03
825	-9.200000e-01	-8.999767e-01	1.912047e-03
826	-8.729412e-01	-8.999440e-01	1.910011e-03
827	-8.870588e-01	-8.999284e-01	1.907764e-03
828	-9.200000e-01	-8.999526e-01	1.905613e-03
829	-9.200000e-01	-8.999768e-01	1.903466e-03
830	-9.200000e-01	-9.000009e-01	1.901325e-03
831	-9.200000e-01	-9.000250e-01	1.899188e-03
832	-9.200000e-01	-9.000490e-01	1.897056e-03
833	-9.200000e-01	-9.000730e-01	1.894928e-03
834	-9.200000e-01	-9.000969e-01	1.892806e-03
835	-9.200000e-01	-9.001207e-01	1.890688e-03
836	-9.200000e-01	-9.001445e-01	1.888574e-03
837	-9.200000e-01	-9.001682e-01	1.886466e-03
838	-9.200000e-01	-9.001919e-01	1.884362e-03
839	-9.200000e-01	-9.002155e-01	1.882263e-03
840	-9.200000e-01	-9.002390e-01	1.880168e-03
841	-9.105882e-01	-9.002513e-01	1.877972e-03
842	-8.870588e-01	-9.002357e-01	1.875805e-03
843	-8.776471e-01	-9.002089e-01	1.873770e-03
844	-8.400000e-01	-9.001375e-01	1.872908e-03
845	-8.400000e-01	-9.000664e-01	1.872044e-03
846	-8.400000e-01	-8.999954e-01	1.871177e-03
847	-8.400000e-01	-8.999245e-01	1.870308e-03
848	-8.917647e-01	-8.999149e-01	1.868126e-03
849	-9.200000e-01	-8.999386e-01	1.866074e-03
850	-9.200000e-01	-8.999622e-01	1.864027e-03
851	-9.200000e-01	-8.999857e-01	1.861984e-03
852	-9.200000e-01	-9.000092e-01	1.859946e-03
853	-9.200000e-01	-9.000326e-01	1.857912e-03
854	-9.200000e-01	-9.000560e-01	1.855883e-03
855	-9.200000e-01	-9.000793e-01	1.853857e-03
856	-9.200000e-01	-9.001026e-01	1.851837e-03
857	-9.200000e-01	-9.001258e-01	1.849820e-03
858	-8.415686e-01	-9.000576e-01	1.848923e-03
859	-9.168627e-01	-9.000772e-01	1.846873e-03
860	-9.200000e-01	-9.001003e-01	1.844870e-03
861	-9.200000e-01	-9.001234e-01	1.842871e-03
862	-9.200000e-01	-9.001465e-01	1.840876e-03
863	-9.200000e-01	-9.001695e-01	1.838886e-03
864	-9.200000e-01	-9.001924e-01	1.836899e-03
865	-9.200000e-01	-9.002153e-01	1.834917e-03
866	-9.200000e-01	-9.002382e-01	1.832940e-03
867	-9.200000e-01	-9.002610e-01	1.830966e-03
868	-9.200000e-01	-9.002837e-01	1.828997e-03
869	-9.200000e-01	-9.003064e-01	1.827032e-03
870	-9.200000e-01	-9.003291e-01	1.825071e-03
871	-9.200000e-01	-9.003516e-01	1.823115e-03
872	-9.200000e-01	-9.003742e-01	1.821162e-03
873	-9.200000e-01	-9.003966e-01	1.819214e-03
874	-9.200000e-01	-9.004191e-01	1.817269e-03
875	-9.200000e-01	-9.004415e-01	1.815329e-03
876	-9.200000e-01	-9.004638e-01	1.813393e-03
877	-9.184314e-01	-9.004843e-01	1.811440e-03
878	-9.200000e-01	-9.005065e-01	1.809512e-03
879	-9.200000e-01	-9.005287e-01	1.807589e-03
880	-9.200000e-01	-9.005508e-01	1.805669e-03
881	-9.200000e-01	-9.005729e-01	1.803753e-03
882	-9.200000e-01	-9.005949e-01	1.801842e-03
883	-9.200000e-01	-9.006169e-01	1.799934e-03
884	-9.200000e-01	-9.006388e-01	1.798031e-03
885	-9.200000e-01	-9.006607e-01	1.796131e-03
886	-9.200000e-01	-9.006825e-01	1.794235e-03
887	-9.200000e-01	-9.007043e-01	1.792344e-03
888	-9.200000e-01	-9.007260e-01	1.790456e-03
889	-9.200000e-01	-9.007477e-01	1.788572e-03
890	-9.200000e-01	-9.007693e-01	1.786693e-03
891	-9.200000e-01	-9.007909e-01	1.784817e-03
892	-9.200000e-01	-9.008125e-01	1.782945e-03
893	-9.200000e-01	-9.008339e-01	1.781077e-03
894	-9.200000e-01	-9.008554e-01	1.779212e-03
895	-9.200000e-01	-9.008768e-01	1.777352e-03
896	-9.200000e-01	-9.008981e-01	1.775496e-03
897	-9.200000e-01	-9.009194e-01	1.773643e-03
898	-9.905882e-01	-9.010193e-01	1.774478e-03
899	-1.000000e+00	-9.011294e-01	1.775920e-03
900	-1.000000e+00	-9.012392e-01	1.777344e-03
901	-1.000000e+00	-9.013488e-01	1.778751e-03
902	-1.000000e+00	-9.014582e-01	1.780140e-03
903	-9.686275e-01	-9.015326e-01	1.779723e-03
904	-9.701961e-01	-9.016085e-01	1.779375e-03
905	-1.000000e+00	-9.017173e-01	1.780730e-03
906	-1.000000e+00	-9.018257e-01	1.782068e-03
907	-1.000000e+00	-9.019340e-01	1.783390e-03
908	-1.000000e+00	-9.020420e-01	1.784696e-03
909	-1.000000e+00	-9.021497e-01	1.785985e-03
910	-1.000000e+00	-9.022573e-01	1.787259e-03
911	-1.000000e+00	-9.023646e-01	1.788517e-03
912	-1.000000e+00	-9.024716e-01	1.789760e-03
913	-9.984314e-01	-9.025767e-01	1.790885e-03
914	-1.000000e+00	-9.026833e-01	1.792098e-03
915	-1.000000e+00	-9.027897e-01	1.793295e-03
916	-9.623529e-01	-9.028547e-01	1.792516e-03
917	-9.200000e-01	-9.028734e-01	1.790657e-03
918	-9.200000e-01	-9.028921e-01	1.788803e-03
919	-9.200000e-01	-9.029107e-01	1.786953e-03
920	-9.200000e-01	-9.029292e-01	1.785106e-03
921	-9.200000e-01	-9.029478e-01	1.783263e-03
922	-9.200000e-01	-9.029663e-01	1.781424e-03
923	-9.670588e-01	-9.030357e-01	1.780847e-03
924	-9.545098e-01	-9.030914e-01	1.779791e-03
925	-1.000000e+00	-9.031962e-01	1.780950e-03
926	-1.000000e+00	-9.033007e-01	1.782094e-03
927	-9.592157e-01	-9.033610e-01	1.781192e-03
928	-9.717647e-01	-9.034348e-01	1.780798e-03
929	-1.000000e+00	-9.035387e-01	1.781914e-03
930	-1.000000e+00	-9.036424e-01	1.783017e-03
931	-1.000000e+00	-9.037459e-01	1.784105e-03
932	-1.000000e+00	-9.038492e-01	1.785180e-03
933	-1.000000e+00	-9.039523e-01	1.786241e-03
934	-1.000000e+00	-9.040551e-01	1.787288e-03
935	-9.262745e-01	-9.040789e-01	1.785534e-03
936	-9.200000e-01	-9.040959e-01	1.783706e-03
937	-9.654902e-01	-9.041614e-01	1.783006e-03
938	-1.000000e+00	-9.042636e-01	1.784032e-03
939	-1.000000e+00	-9.043655e-01	1.785045e-03
940	-1.000000e+00	-9.044673e-01	1.786045e-03
941	-9.654902e-01	-9.045321e-01	1.785324e-03
942	-9.200000e-01	-9.045485e-01	1.783504e-03
943	-9.200000e-01	-9.045649e-01	1.781687e-03
944	-9.200000e-01	-9.045813e-01	1.779873e-03
945	-9.200000e-01	-9.045976e-01	1.778064e-03
946	-9.200000e-01	-9.046139e-01	1.776258e-03
947	-9.121569e-01	-9.046218e-01	1.774399e-03
948	-9.168627e-01	-9.046347e-01	1.772573e-03
949	-9.200000e-01	-9.046509e-01	1.770779e-03
950	-9.200000e-01	-9.046671e-01	1.768988e-03
951	-9.200000e-01	-9.046832e-01	1.767200e-03
952	-9.200000e-01	-9.046993e-01	1.765416e-03
953	-9.200000e-01	-9.047153e-01	1.763636e-03
954	-9.200000e-01	-9.047314e-01	1.761859e-03
955	-9.200000e-01	-9.047474e-01	1.760086e-03
956	-9.200000e-01	-9.047633e-01	1.758316e-03
957	-9.200000e-01	-9.047792e-01	1.756550e-03
958	-9.200000e-01	-9.047951e-01	1.754787e-03
959	-8.870588e-01	-9.047766e-01	1.753054e-03
960	-8.494118e-01	-9.047190e-01	1.752176e-03
961	-9.200000e-01	-9.047349e-01	1.750424e-03
962	-9.843137e-01	-9.048176e-01	1.750559e-03
963	-1.000000e+00	-9.049164e-01	1.751532e-03
964	-9.984314e-01	-9.050134e-01	1.752401e-03
965	-1.000000e+00	-9.051119e-01	1.753349e-03
966	-1.000000e+00	-9.052101e-01	1.754285e-03
967	-1.000000e+00	-9.053081e-01	1.755210e-03
968	-1.000000e+00	-9.054059e-01	1.756122e-03
969	-1.000000e+00	-9.055036e-01	1.757023e-03
970	-1.000000e+00	-9.056010e-01	1.757912e-03
971	-1.000000e+00	-9.056982e-01	1.758790e-03
972	-1.000000e+00	-9.057952e-01	1.759656e-03
973	-9.858824e-01	-9.058775e-01	1.759772e-03
974	-9.466667e-01	-9.059194e-01	1.758463e-03
975	-9.937255e-01	-9.060095e-01	1.758966e-03
976	-8.415686e-01	-9.059434e-01	1.758403e-03
977	-8.462745e-01	-9.058824e-01	1.757663e-03
978	-9.200000e-01	-9.058968e-01	1.755925e-03
979	-8.870588e-01	-9.058775e-01	1.754236e-03
980	-9.200000e-01	-9.058920e-01	1.752504e-03
981	-9.200000e-01	-9.059063e-01	1.750776e-03
982	-9.200000e-01	-9.059207e-01	1.749051e-03
983	-9.200000e-01	-9.059350e-01	1.747329e-03
984	-9.200000e-01	-9.059493e-01	1.745611e-03
985	-9.200000e-01	-9.059636e-01	1.743896e-03
986	-9.200000e-01	-9.059778e-01	1.742185e-03
987	-9.200000e-01	-9.059920e-01	1.740477e-03
988	-9.200000e-01	-9.060062e-01	1.738772e-03
989	-9.200000e-01	-9.060203e-01	1.737071e-03
990	-9.200000e-01	-9.060345e-01	1.735373e-03
991	-9.200000e-01	-9.060486e-01	1.733678e-03
992	-9.200000e-01	-9.060626e-01	1.731987e-03
993	-9.200000e-01	-9.060767e-01	1.730298e-03
994	-9.200000e-01	-9.060907e-01	1.728614e-03
995	-9.200000e-01	-9.061046e-01	1.726932e-03
996	-9.200000e-01	-9.061186e-01	1.725254e-03
997	-9.200000e-01	-9.061325e-01	1.723579e-03
998	-9.200000e-01	-9.061464e-01	1.721907e-03
999	-9.200000e-01	-9.061603e-01	1.720238e-03
1000	-9.200000e-01	-9.061741e-01	1.718573e-03
