1	-1.000000e+00	-1.000000e+00	0.000000e+00
2	-1.000000e+00	-1.000000e+00	0.000000e+00
3	-1.000000e+00	-1.000000e+00	0.000000e+00
4	-1.000000e+00	-1.000000e+00	0.000000e+00
5	-1.000000e+00	-1.000000e+00	0.000000e+00
6	-1.000000e+00	-1.000000e+00	0.000000e+00
7	-1.000000e+00	-1.000000e+00	0.000000e+00
8	-1.000000e+00	-1.000000e+00	0.000000e+00
9	-1.000000e+00	-1.000000e+00	0.000000e+00
10	-1.000000e+00	-1.000000e+00	0.000000e+00
11	-1.000000e+00	-1.000000e+00	0.000000e+00
12	-1.000000e+00	-1.000000e+00	0.000000e+00
13	-1.000000e+00	-1.000000e+00	0.000000e+00
14	-1.000000e+00	-1.000000e+00	0.000000e+00
15	-1.000000e+00	-1.000000e+00	0.000000e+00
16	-1.000000e+00	-1.000000e+00	0.000000e+00
17	-9.827451e-01	-9.989850e-01	1.014994e-03
18	-9.984314e-01	-9.989542e-01	9.574399e-04
19	-1.000000e+00	-9.990093e-01	9.073184e-04
20	-1.000000e+00	-9.990588e-01	8.621820e-04
21	-1.000000e+00	-9.991036e-01	8.213224e-04
22	-1.000000e+00	-9.991444e-01	7.841594e-04
23	-1.000000e+00	-9.991816e-01	7.502131e-04
24	-1.000000e+00	-9.992157e-01	7.190834e-04
25	-1.000000e+00	-9.992471e-01	6.904337e-04
26	-1.000000e+00	-9.992760e-01	6.639791e-04
27	-1.000000e+00	-9.993028e-01	6.394766e-04
28	-1.000000e+00	-9.993277e-01	6.167179e-04
29	-1.000000e+00	-9.993509e-01	5.955232e-04
30	-1.000000e+00	-9.993725e-01	5.757368e-04
31	-1.000000e+00	-9.993928e-01	5.572227e-04
32	-1.000000e+00	-9.994118e-01	5.398622e-04
33	-1.000000e+00	-9.994296e-01	5.235506e-04
34	-1.000000e+00	-9.994464e-01	5.081957e-04
35	-1.000000e+00	-9.994622e-01	4.937157e-04
36	-1.000000e+00	-9.994771e-01	4.800379e-04
37	-1.000000e+00	-9.994913e-01	4.670975e-04
38	-1.000000e+00	-9.995046e-01	4.548364e-04
39	-9.372549e-01	-9.979085e-01	1.656488e-03
40	-9.200000e-01	-9.959608e-01	2.529889e-03
41	-9.200000e-01	-9.941081e-01	3.085552e-03
42	-9.498039e-01	-9.930532e-01	3.190611e-03
43	-9.200000e-01	-9.913543e-01	3.548636e-03
44	-9.200000e-01	-9.897326e-01	3.827570e-03
45	-9.200000e-01	-9.881830e-01	4.049749e-03
46	-9.592157e-01	-9.875533e-01	4.010481e-03
47	-1.000000e+00	-9.878181e-01	3.933149e-03
48	-1.000000e+00	-9.880719e-01	3.858692e-03
49	-1.000000e+00	-9.883153e-01	3.786955e-03
50	-1.000000e+00	-9.885490e-01	3.717795e-03
51	-1.000000e+00	-9.887735e-01	3.651078e-03
52	-9.968627e-01	-9.889291e-01	3.583555e-03
53	-1.000000e+00	-9.891380e-01	3.521491e-03
54	-1.000000e+00	-9.893391e-01	3.461512e-03
55	-1.000000e+00	-9.895330e-01	3.403517e-03
56	-1.000000e+00	-9.897199e-01	3.347410e-03
57	-1.000000e+00	-9.899002e-01	3.293101e-03
58	-1.000000e+00	-9.900744e-01	3.240508e-03
59	-1.000000e+00	-9.902426e-01	3.189550e-03
60	-9.921569e-01	-9.902745e-01	3.136103e-03
61	-9.200000e-01	-9.891225e-01	3.292396e-03
62	-9.090196e-01	-9.878305e-01	3.487036e-03
63	-8.400000e-01	-9.854840e-01	4.156867e-03
64	-8.588235e-01	-9.835049e-01	4.544917e-03
65	-9.200000e-01	-9.825279e-01	4.579871e-03
66	-9.200000e-01	-9.815805e-01	4.608379e-03
67	-9.592157e-01	-9.812467e-01	4.551334e-03
68	-1.000000e+00	-9.815225e-01	4.492376e-03
69	-1.000000e+00	-9.817903e-01	4.434883e-03
70	-1.000000e+00	-9.820504e-01	4.378802e-03
71	-1.000000e+00	-9.823032e-01	4.324085e-03
72	-1.000000e+00	-9.825490e-01	4.270684e-03
73	-9.827451e-01	-9.825517e-01	4.211776e-03
74	-9.200000e-01	-9.817064e-01	4.239592e-03
75	-9.200000e-01	-9.808837e-01	4.262834e-03
76	-9.200000e-01	-9.800826e-01	4.281975e-03
77	-9.200000e-01	-9.793023e-01	4.297433e-03
78	-9.200000e-01	-9.785420e-01	4.309574e-03
79	-9.200000e-01	-9.778009e-01	4.318724e-03
80	-9.137255e-01	-9.770000e-01	4.338963e-03
81	-9.074510e-01	-9.761414e-01	4.370239e-03
82	-9.200000e-01	-9.754567e-01	4.370573e-03
83	-9.200000e-01	-9.747886e-01	4.368987e-03
84	-9.200000e-01	-9.741363e-01	4.365661e-03
85	-9.200000e-01	-9.734994e-01	4.360756e-03
86	-9.200000e-01	-9.728773e-01	4.354417e-03
87	-9.200000e-01	-9.722696e-01	4.346776e-03
88	-9.200000e-01	-9.716756e-01	4.337954e-03
89	-9.200000e-01	-9.710950e-01	4.328059e-03
90	-9.294118e-01	-9.706318e-01	4.304687e-03
91	-1.000000e+00	-9.709545e-01	4.269336e-03
92	-1.000000e+00	-9.712702e-01	4.234461e-03
93	-1.000000e+00	-9.715792e-01	4.200058e-03
94	-9.654902e-01	-9.715144e-01	4.155641e-03
95	-9.200000e-01	-9.709721e-01	4.147267e-03
96	-8.682353e-01	-9.699020e-01	4.241082e-03
97	-9.294118e-01	-9.694845e-01	4.217838e-03
98	-1.000000e+00	-9.697959e-01	4.186174e-03
99	-1.000000e+00	-9.701010e-01	4.154890e-03
100	-1.000000e+00	-9.704000e-01	4.123984e-03
101	-1.000000e+00	-9.706931e-01	4.093453e-03
102	-1.000000e+00	-9.709804e-01	4.063293e-03
103	-9.905882e-01	-9.711708e-01	4.028151e-03
104	-9.200000e-01	-9.706787e-01	4.019460e-03
105	-9.200000e-01	-9.701961e-01	4.010147e-03
106	-9.200000e-01	-9.697225e-01	4.000263e-03
107	-9.200000e-01	-9.692578e-01	3.989855e-03
108	-9.200000e-01	-9.688017e-01	3.978965e-03
109	-9.200000e-01	-9.683540e-01	3.967634e-03
110	-9.200000e-01	-9.679144e-01	3.955899e-03
111	-9.200000e-01	-9.674828e-01	3.943793e-03
112	-9.200000e-01	-9.670588e-01	3.931348e-03
113	-9.200000e-01	-9.666424e-01	3.918594e-03
114	-9.200000e-01	-9.662332e-01	3.905558e-03
115	-9.200000e-01	-9.658312e-01	3.892266e-03
116	-9.200000e-01	-9.654361e-01	3.878741e-03
117	-9.200000e-01	-9.650478e-01	3.865006e-03
118	-8.494118e-01	-9.640678e-01	3.955428e-03
119	-8.400000e-01	-9.630252e-01	4.058257e-03
120	-8.400000e-01	-9.620000e-01	4.152832e-03
121	-8.400000e-01	-9.609917e-01	4.239995e-03
122	-8.400000e-01	-9.600000e-01	4.320461e-03
123	-8.400000e-01	-9.590244e-01	4.394846e-03
124	-8.400000e-01	-9.580645e-01	4.463688e-03
125	-8.400000e-01	-9.571200e-01	4.527452e-03
126	-8.400000e-01	-9.561905e-01	4.586554e-03
127	-8.400000e-01	-9.552756e-01	4.641359e-03
128	-8.400000e-01	-9.543750e-01	4.692193e-03
129	-8.400000e-01	-9.534884e-01	4.739350e-03
130	-9.168627e-01	-9.532066e-01	4.711184e-03
131	-9.200000e-01	-9.529532e-01	4.681950e-03
132	-9.200000e-01	-9.527035e-01	4.653047e-03
133	-9.200000e-01	-9.524576e-01	4.624471e-03
134	-9.200000e-01	-9.522154e-01	4.596217e-03
135	-9.200000e-01	-9.519768e-01	4.568281e-03
136	-9.200000e-01	-9.517416e-01	4.540658e-03
137	-9.200000e-01	-9.515099e-01	4.513343e-03
138	-9.200000e-01	-9.512816e-01	4.486333e-03
139	-9.200000e-01	-9.510566e-01	4.459622e-03
140	-9.200000e-01	-9.508347e-01	4.433207e-03
141	-9.200000e-01	-9.506160e-01	4.407082e-03
142	-9.200000e-01	-9.504004e-01	4.381245e-03
143	-9.200000e-01	-9.501879e-01	4.355690e-03
144	-9.200000e-01	-9.499782e-01	4.330414e-03
145	-9.654902e-01	-9.500852e-01	4.301775e-03
146	-1.000000e+00	-9.504271e-01	4.285867e-03
147	-1.000000e+00	-9.507643e-01	4.269950e-03
148	-1.000000e+00	-9.510970e-01	4.254028e-03
149	-1.000000e+00	-9.514252e-01	4.238109e-03
150	-1.000000e+00	-9.517490e-01	4.222197e-03
151	-1.000000e+00	-9.520686e-01	4.206297e-03
152	-1.000000e+00	-9.523839e-01	4.190414e-03
153	-1.000000e+00	-9.526951e-01	4.174553e-03
154	-9.811765e-01	-9.528801e-01	4.151478e-03
155	-9.968627e-01	-9.531638e-01	4.134357e-03
156	-1.000000e+00	-9.534641e-01	4.118726e-03
157	-1.000000e+00	-9.537605e-01	4.103128e-03
158	-1.000000e+00	-9.540531e-01	4.087567e-03
159	-1.000000e+00	-9.543421e-01	4.072044e-03
160	-1.000000e+00	-9.546275e-01	4.056563e-03
161	-1.000000e+00	-9.549093e-01	4.041127e-03
162	-1.000000e+00	-9.551876e-01	4.025738e-03
163	-1.000000e+00	-9.554625e-01	4.010398e-03
164	-1.000000e+00	-9.557341e-01	3.995110e-03
165	-1.000000e+00	-9.560024e-01	3.979876e-03
166	-1.000000e+00	-9.562674e-01	3.964697e-03
167	-1.000000e+00	-9.565293e-01	3.949576e-03
168	-1.000000e+00	-9.567880e-01	3.934514e-03
169	-1.000000e+00	-9.570437e-01	3.919513e-03
170	-1.000000e+00	-9.572964e-01	3.904573e-03
171	-1.000000e+00	-9.575462e-01	3.889697e-03
172	-1.000000e+00	-9.577930e-01	3.874886e-03
173	-1.000000e+00	-9.580369e-01	3.860140e-03
174	-1.000000e+00	-9.582781e-01	3.845461e-03
175	-1.000000e+00	-9.585165e-01	3.830850e-03
176	-1.000000e+00	-9.587522e-01	3.816307e-03
177	-1.000000e+00	-9.589853e-01	3.801834e-03
178	-1.000000e+00	-9.592157e-01	3.787430e-03
179	-1.000000e+00	-9.594435e-01	3.773098e-03
180	-1.000000e+00	-9.596688e-01	3.758837e-03
181	-1.000000e+00	-9.598917e-01	3.744647e-03
182	-9.200000e-01	-9.596725e-01	3.730460e-03
183	-9.200000e-01	-9.594557e-01	3.716348e-03
184	-9.200000e-01	-9.592413e-01	3.702310e-03
185	-9.200000e-01	-9.590291e-01	3.688347e-03
186	-9.200000e-01	-9.588193e-01	3.674460e-03
187	-9.200000e-01	-9.586117e-01	3.660649e-03
188	-9.200000e-01	-9.584063e-01	3.646913e-03
189	-9.200000e-01	-9.582031e-01	3.633253e-03
190	-9.200000e-01	-9.580021e-01	3.619669e-03
191	-9.200000e-01	-9.578031e-01	3.606161e-03
192	-9.200000e-01	-9.576062e-01	3.592729e-03
193	-9.200000e-01	-9.574114e-01	3.579373e-03
194	-9.200000e-01	-9.572185e-01	3.566092e-03
195	-9.200000e-01	-9.570277e-01	3.552888e-03
196	-9.200000e-01	-9.568387e-01	3.539759e-03
197	-9.200000e-01	-9.566517e-01	3.526706e-03
198	-9.200000e-01	-9.564666e-01	3.513729e-03
199	-9.200000e-01	-9.562834e-01	3.500827e-03
200	-9.200000e-01	-9.561020e-01	3.488000e-03
201	-9.200000e-01	-9.559223e-01	3.475248e-03
202	-9.200000e-01	-9.557445e-01	3.462570e-03
203	-9.200000e-01	-9.555684e-01	3.449967e-03
204	-9.200000e-01	-9.553941e-01	3.437439e-03
205	-9.200000e-01	-9.552214e-01	3.424984e-03
206	-9.200000e-01	-9.550504e-01	3.412603e-03
207	-9.200000e-01	-9.548811e-01	3.400296e-03
208	-9.529412e-01	-9.548718e-01	3.383922e-03
209	-1.000000e+00	-9.550877e-01	3.374607e-03
210	-1.000000e+00	-9.553016e-01	3.365302e-03
211	-1.000000e+00	-9.555134e-01	3.356007e-03
212	-1.000000e+00	-9.557233e-01	3.346724e-03
213	-1.000000e+00	-9.559311e-01	3.337455e-03
214	-1.000000e+00	-9.561371e-01	3.328200e-03
215	-1.000000e+00	-9.563411e-01	3.318960e-03
216	-1.000000e+00	-9.565432e-01	3.309736e-03
217	-1.000000e+00	-9.567435e-01	3.300530e-03
218	-1.000000e+00	-9.569419e-01	3.291341e-03
219	-1.000000e+00	-9.571385e-01	3.282172e-03
220	-9.309804e-01	-9.570196e-01	3.269382e-03
221	-9.200000e-01	-9.568521e-01	3.258862e-03
222	-9.200000e-01	-9.566861e-01	3.248394e-03
223	-9.200000e-01	-9.565216e-01	3.237976e-03
224	-9.200000e-01	-9.563585e-01	3.227609e-03
225	-8.760784e-01	-9.560017e-01	3.232981e-03
226	-8.886275e-01	-9.557036e-01	3.232421e-03
227	-9.200000e-01	-9.555463e-01	3.221991e-03
228	-9.701961e-01	-9.556106e-01	3.208472e-03
229	-1.000000e+00	-9.558044e-01	3.200306e-03
230	-1.000000e+00	-9.559966e-01	3.192150e-03
231	-1.000000e+00	-9.561871e-01	3.184004e-03
232	-1.000000e+00	-9.563759e-01	3.175870e-03
233	-1.000000e+00	-9.565632e-01	3.167749e-03
234	-1.000000e+00	-9.567488e-01	3.159640e-03
235	-1.000000e+00	-9.569328e-01	3.151544e-03
236	-1.000000e+00	-9.571153e-01	3.143463e-03
237	-1.000000e+00	-9.572963e-01	3.135397e-03
238	-1.000000e+00	-9.574757e-01	3.127347e-03
239	-1.000000e+00	-9.576536e-01	3.119313e-03
240	-1.000000e+00	-9.578301e-01	3.111296e-03
241	-1.000000e+00	-9.580050e-01	3.103296e-03
242	-1.000000e+00	-9.581786e-01	3.095314e-03
243	-1.000000e+00	-9.583507e-01	3.087351e-03
244	-1.000000e+00	-9.585214e-01	3.079406e-03
245	-1.000000e+00	-9.586907e-01	3.071481e-03
246	-1.000000e+00	-9.588586e-01	3.063575e-03
247	-1.000000e+00	-9.590252e-01	3.055690e-03
248	-9.984314e-01	-9.591841e-01	3.047489e-03
249	-1.000000e+00	-9.593480e-01	3.039648e-03
250	-1.000000e+00	-9.595106e-01	3.031829e-03
251	-1.000000e+00	-9.596719e-01	3.024032e-03
252	-1.000000e+00	-9.598319e-01	3.016256e-03
253	-1.000000e+00	-9.599907e-01	3.008502e-03
254	-1.000000e+00	-9.601482e-01	3.000772e-03
255	-1.000000e+00	-9.603045e-01	2.993064e-03
256	-1.000000e+00	-9.604596e-01	2.985379e-03
257	-9.905882e-01	-9.605768e-01	2.976050e-03
258	-1.000000e+00	-9.607296e-01	2.968428e-03
259	-1.000000e+00	-9.608812e-01	2.960829e-03
260	-1.000000e+00	-9.610317e-01	2.953254e-03
261	-1.000000e+00	-9.611810e-01	2.945704e-03
262	-1.000000e+00	-9.613291e-01	2.938177e-03
263	-1.000000e+00	-9.614762e-01	2.930675e-03
264	-9.341176e-01	-9.613725e-01	2.921391e-03
265	-8.964706e-01	-9.611276e-01	2.920633e-03
266	-8.556863e-01	-9.607312e-01	2.936510e-03
267	-9.027451e-01	-9.605141e-01	2.933541e-03
268	-9.200000e-01	-9.603629e-01	2.926482e-03
269	-9.200000e-01	-9.602128e-01	2.919441e-03
270	-9.200000e-01	-9.600639e-01	2.912419e-03
271	-9.200000e-01	-9.599161e-01	2.905416e-03
272	-9.200000e-01	-9.597693e-01	2.898432e-03
273	-9.200000e-01	-9.596236e-01	2.891467e-03
274	-9.200000e-01	-9.594790e-01	2.884522e-03
275	-9.200000e-01	-9.593355e-01	2.877597e-03
276	-9.200000e-01	-9.591930e-01	2.870692e-03
277	-9.200000e-01	-9.590515e-01	2.863807e-03
278	-9.200000e-01	-9.589110e-01	2.856943e-03
279	-9.200000e-01	-9.587715e-01	2.850099e-03
280	-9.200000e-01	-9.586331e-01	2.843276e-03
281	-8.901961e-01	-9.583895e-01	2.843588e-03
282	-9.200000e-01	-9.582534e-01	2.836755e-03
283	-9.200000e-01	-9.581182e-01	2.829943e-03
284	-9.200000e-01	-9.579840e-01	2.823153e-03
285	-9.200000e-01	-9.578507e-01	2.816385e-03
286	-9.200000e-01	-9.577184e-01	2.809639e-03
287	-9.200000e-01	-9.575869e-01	2.802915e-03
288	-9.200000e-01	-9.574564e-01	2.796213e-03
289	-9.200000e-01	-9.573268e-01	2.789533e-03
290	-9.200000e-01	-9.571981e-01	2.782876e-03
291	-9.200000e-01	-9.570703e-01	2.776241e-03
292	-9.200000e-01	-9.569433e-01	2.769628e-03
293	-9.200000e-01	-9.568172e-01	2.763037e-03
294	-9.200000e-01	-9.566920e-01	2.756469e-03
295	-9.200000e-01	-9.565676e-01	2.749924e-03
296	-9.200000e-01	-9.564441e-01	2.743401e-03
297	-9.200000e-01	-9.563214e-01	2.736900e-03
298	-9.200000e-01	-9.561995e-01	2.730422e-03
299	-9.200000e-01	-9.560784e-01	2.723967e-03
300	-9.200000e-01	-9.559582e-01	2.717534e-03
301	-9.200000e-01	-9.558387e-01	2.711124e-03
302	-9.200000e-01	-9.557200e-01	2.704737e-03
303	-9.200000e-01	-9.556021e-01	2.698372e-03
304	-9.200000e-01	-9.554850e-01	2.692029e-03
305	-9.200000e-01	-9.553687e-01	2.685710e-03
306	-9.200000e-01	-9.552531e-01	2.679413e-03
307	-9.200000e-01	-9.551383e-01	2.673138e-03
308	-9.200000e-01	-9.550242e-01	2.666886e-03
309	-9.200000e-01	-9.549108e-01	2.660657e-03
310	-9.200000e-01	-9.547982e-01	2.654450e-03
311	-9.043137e-01	-9.546359e-01	2.650876e-03
312	-9.184314e-01	-9.545199e-01	2.644913e-03
313	-9.200000e-01	-9.544096e-01	2.638755e-03
314	-9.200000e-01	-9.543000e-01	2.632620e-03
315	-9.200000e-01	-9.541911e-01	2.626507e-03
316	-9.200000e-01	-9.540829e-01	2.620417e-03
317	-9.200000e-01	-9.539754e-01	2.614349e-03
318	-9.200000e-01	-9.538685e-01	2.608304e-03
319	-9.200000e-01	-9.537624e-01	2.602282e-03
320	-9.200000e-01	-9.536569e-01	2.596281e-03
321	-9.200000e-01	-9.535520e-01	2.590304e-03
322	-9.200000e-01	-9.534478e-01	2.584348e-03
323	-8.729412e-01	-9.531986e-01	2.588363e-03
324	-8.400000e-01	-9.528492e-01	2.603907e-03
325	-8.400000e-01	-9.525020e-01	2.619003e-03
326	-8.400000e-01	-9.521569e-01	2.633664e-03
327	-8.400000e-01	-9.518139e-01	2.647906e-03
328	-8.400000e-01	-9.514730e-01	2.661740e-03
329	-8.400000e-01	-9.511342e-01	2.675181e-03
330	-8.400000e-01	-9.507974e-01	2.688240e-03
331	-8.400000e-01	-9.504627e-01	2.700929e-03
332	-8.400000e-01	-9.501299e-01	2.713259e-03
333	-8.400000e-01	-9.497992e-01	2.725240e-03
334	-8.400000e-01	-9.494705e-01	2.736884e-03
335	-8.400000e-01	-9.491437e-01	2.748199e-03
336	-8.400000e-01	-9.488189e-01	2.759195e-03
337	-8.917647e-01	-9.486496e-01	2.756200e-03
338	-9.200000e-01	-9.485648e-01	2.749340e-03
339	-9.200000e-01	-9.484805e-01	2.742513e-03
340	-9.200000e-01	-9.483968e-01	2.735717e-03
341	-9.200000e-01	-9.483135e-01	2.728954e-03
342	-9.200000e-01	-9.482307e-01	2.722222e-03
343	-9.200000e-01	-9.481484e-01	2.715521e-03
344	-9.200000e-01	-9.480666e-01	2.708852e-03
345	-9.043137e-01	-9.479398e-01	2.703965e-03
346	-8.400000e-01	-9.476278e-01	2.714127e-03
347	-8.525490e-01	-9.473538e-01	2.720129e-03
348	-9.168627e-01	-9.472662e-01	2.713716e-03
349	-9.200000e-01	-9.471880e-01	2.707057e-03
350	-9.200000e-01	-9.471104e-01	2.700429e-03
351	-9.200000e-01	-9.470331e-01	2.693832e-03
352	-9.200000e-01	-9.469563e-01	2.687266e-03
353	-9.200000e-01	-9.468800e-01	2.680730e-03
354	-9.200000e-01	-9.468040e-01	2.674225e-03
355	-9.200000e-01	-9.467285e-01	2.667750e-03
356	-9.200000e-01	-9.466534e-01	2.661305e-03
357	-9.200000e-01	-9.465788e-01	2.654890e-03
358	-9.200000e-01	-9.465045e-01	2.648504e-03
359	-9.200000e-01	-9.464307e-01	2.642148e-03
360	-9.200000e-01	-9.463573e-01	2.635822e-03
361	-9.200000e-01	-9.462843e-01	2.629524e-03
362	-9.200000e-01	-9.462117e-01	2.623255e-03
363	-8.556863e-01	-9.459623e-01	2.627878e-03
364	-8.603922e-01	-9.457272e-01	2.631171e-03
365	-9.200000e-01	-9.456567e-01	2.624899e-03
366	-9.200000e-01	-9.455866e-01	2.618656e-03
367	-9.200000e-01	-9.455169e-01	2.612442e-03
368	-9.043137e-01	-9.454049e-01	2.607738e-03
369	-8.400000e-01	-9.451193e-01	2.616302e-03
370	-8.400000e-01	-9.448352e-01	2.624643e-03
371	-8.400000e-01	-9.445526e-01	2.632767e-03
372	-8.400000e-01	-9.442716e-01	2.640679e-03
373	-8.400000e-01	-9.439920e-01	2.648386e-03
374	-8.400000e-01	-9.437140e-01	2.655890e-03
375	-8.713725e-01	-9.435210e-01	2.655814e-03
376	-9.200000e-01	-9.434585e-01	2.649480e-03
377	-9.200000e-01	-9.433963e-01	2.643175e-03
378	-9.200000e-01	-9.433344e-01	2.636900e-03
379	-9.200000e-01	-9.432728e-01	2.630653e-03
380	-9.200000e-01	-9.432116e-01	2.624436e-03
381	-9.200000e-01	-9.431506e-01	2.618248e-03
382	-9.200000e-01	-9.430900e-01	2.612088e-03
383	-8.996078e-01	-9.429765e-01	2.607731e-03
384	-9.058824e-01	-9.428799e-01	2.602725e-03
385	-8.901961e-01	-9.427431e-01	2.599560e-03
386	-8.400000e-01	-9.424769e-01	2.606443e-03
387	-8.509804e-01	-9.422405e-01	2.610428e-03
388	-9.200000e-01	-9.421831e-01	2.604322e-03
389	-9.168627e-01	-9.421181e-01	2.598434e-03
390	-9.200000e-01	-9.420613e-01	2.592383e-03
391	-9.200000e-01	-9.420049e-01	2.586360e-03
392	-9.200000e-01	-9.419488e-01	2.580365e-03
393	-9.200000e-01	-9.418929e-01	2.574396e-03
394	-9.200000e-01	-9.418374e-01	2.568455e-03
395	-9.200000e-01	-9.417821e-01	2.562541e-03
396	-9.200000e-01	-9.417271e-01	2.556653e-03
397	-9.200000e-01	-9.416723e-01	2.550792e-03
398	-9.200000e-01	-9.416179e-01	2.544958e-03
399	-9.200000e-01	-9.415637e-01	2.539150e-03
400	-9.200000e-01	-9.415098e-01	2.533367e-03
401	-9.200000e-01	-9.414562e-01	2.527611e-03
402	-9.200000e-01	-9.414028e-01	2.521881e-03
403	-9.200000e-01	-9.413497e-01	2.516176e-03
404	-9.200000e-01	-9.412968e-01	2.510496e-03
405	-9.200000e-01	-9.412443e-01	2.504842e-03
406	-9.200000e-01	-9.411919e-01	2.499212e-03
407	-9.200000e-01	-9.411399e-01	2.493608e-03
408	-9.027451e-01	-9.410458e-01	2.489268e-03
409	-8.400000e-01	-9.407987e-01	2.495434e-03
410	-8.400000e-01	-9.405528e-01	2.501451e-03
411	-8.352941e-01	-9.402967e-01	2.508465e-03
412	-7.600000e-01	-9.398591e-01	2.540346e-03
413	-8.494118e-01	-9.396401e-01	2.543633e-03
414	-9.200000e-01	-9.395927e-01	2.537925e-03
415	-9.200000e-01	-9.395455e-01	2.532242e-03
416	-9.200000e-01	-9.394985e-01	2.526584e-03
417	-9.200000e-01	-9.394517e-01	2.520952e-03
418	-9.200000e-01	-9.394052e-01	2.515344e-03
419	-9.372549e-01	-9.394001e-01	2.509339e-03
420	-1.000000e+00	-9.395444e-01	2.507512e-03
421	-1.000000e+00	-9.396880e-01	2.505667e-03
422	-1.000000e+00	-9.398309e-01	2.503805e-03
423	-1.000000e+00	-9.399731e-01	2.501925e-03
424	-9.968627e-01	-9.401073e-01	2.499621e-03
425	-9.200000e-01	-9.400600e-01	2.494181e-03
426	-9.450980e-01	-9.400718e-01	2.488348e-03
427	-1.000000e+00	-9.402122e-01	2.486478e-03
428	-1.000000e+00	-9.403518e-01	2.484591e-03
429	-1.000000e+00	-9.404909e-01	2.482689e-03
430	-1.000000e+00	-9.406293e-01	2.480772e-03
431	-1.000000e+00	-9.407670e-01	2.478840e-03
432	-1.000000e+00	-9.409041e-01	2.476893e-03
433	-1.000000e+00	-9.410406e-01	2.474932e-03
434	-1.000000e+00	-9.411765e-01	2.472957e-03
435	-1.000000e+00	-9.413117e-01	2.470969e-03
436	-1.000000e+00	-9.414463e-01	2.468967e-03
437	-1.000000e+00	-9.415803e-01	2.466952e-03
438	-1.000000e+00	-9.417137e-01	2.464925e-03
439	-1.000000e+00	-9.418464e-01	2.462885e-03
440	-1.000000e+00	-9.419786e-01	2.460833e-03
441	-1.000000e+00	-9.421102e-01	2.458769e-03
442	-1.000000e+00	-9.422411e-01	2.456693e-03
443	-1.000000e+00	-9.423715e-01	2.454607e-03
444	-1.000000e+00	-9.425013e-01	2.452509e-03
445	-1.000000e+00	-9.426305e-01	2.450401e-03
446	-1.000000e+00	-9.427592e-01	2.448282e-03
447	-9.811765e-01	-9.428451e-01	2.444310e-03
448	-9.278431e-01	-9.428116e-01	2.439078e-03
449	-1.000000e+00	-9.429390e-01	2.436970e-03
450	-1.000000e+00	-9.430658e-01	2.434853e-03
451	-1.000000e+00	-9.431920e-01	2.432725e-03
452	-1.000000e+00	-9.433177e-01	2.430589e-03
453	-1.000000e+00	-9.434428e-01	2.428443e-03
454	-1.000000e+00	-9.435674e-01	2.426288e-03
455	-1.000000e+00	-9.436914e-01	2.424125e-03
456	-1.000000e+00	-9.438149e-01	2.421953e-03
457	-1.000000e+00	-9.439379e-01	2.419773e-03
458	-1.000000e+00	-9.440603e-01	2.417585e-03
459	-1.000000e+00	-9.441822e-01	2.415388e-03
460	-1.000000e+00	-9.443035e-01	2.413184e-03
461	-1.000000e+00	-9.444243e-01	2.410973e-03
462	-9.403922e-01	-9.444156e-01	2.405765e-03
463	-9.200000e-01	-9.443629e-01	2.401142e-03
464	-9.200000e-01	-9.443103e-01	2.396537e-03
465	-9.200000e-01	-9.442581e-01	2.391949e-03
466	-9.403922e-01	-9.442498e-01	2.386825e-03
467	-9.968627e-01	-9.443624e-01	2.384372e-03
468	-1.000000e+00	-9.444813e-01	2.382240e-03
469	-1.000000e+00	-9.445997e-01	2.380100e-03
470	-1.000000e+00	-9.447176e-01	2.377954e-03
471	-1.000000e+00	-9.448349e-01	2.375801e-03
472	-1.000000e+00	-9.449518e-01	2.373641e-03
473	-1.000000e+00	-9.450682e-01	2.371475e-03
474	-1.000000e+00	-9.451841e-01	2.369303e-03
475	-1.000000e+00	-9.452995e-01	2.367124e-03
476	-1.000000e+00	-9.454144e-01	2.364940e-03
477	-1.000000e+00	-9.455288e-01	2.362750e-03
478	-1.000000e+00	-9.456428e-01	2.360554e-03
479	-1.000000e+00	-9.457563e-01	2.358352e-03
480	-1.000000e+00	-9.458693e-01	2.356145e-03
481	-1.000000e+00	-9.459818e-01	2.353934e-03
482	-1.000000e+00	-9.460939e-01	2.351717e-03
483	-1.000000e+00	-9.462055e-01	2.349495e-03
484	-1.000000e+00	-9.463166e-01	2.347269e-03
485	-1.000000e+00	-9.464273e-01	2.345038e-03
486	-1.000000e+00	-9.465376e-01	2.342802e-03
487	-1.000000e+00	-9.466473e-01	2.340562e-03
488	-1.000000e+00	-9.467567e-01	2.338318e-03
489	-1.000000e+00	-9.468656e-01	2.336071e-03
490	-1.000000e+00	-9.469740e-01	2.333819e-03
491	-1.000000e+00	-9.470820e-01	2.331563e-03
492	-1.000000e+00	-9.471895e-01	2.329304e-03
493	-1.000000e+00	-9.472967e-01	2.327041e-03
494	-1.000000e+00	-9.474034e-01	2.324775e-03
495	-1.000000e+00	-9.475096e-01	2.322506e-03
496	-1.000000e+00	-9.476154e-01	2.320233e-03
497	-1.000000e+00	-9.477208e-01	2.317958e-03
498	-1.000000e+00	-9.478258e-01	2.315679e-03
499	-1.000000e+00	-9.479304e-01	2.313398e-03
500	-1.000000e+00	-9.480345e-01	2.311114e-03
501	-1.000000e+00	-9.481382e-01	2.308828e-03
502	-1.000000e+00	-9.482415e-01	2.306538e-03
503	-1.000000e+00	-9.483444e-01	2.304247e-03
504	-1.000000e+00	-9.484469e-01	2.301953e-03
505	-1.000000e+00	-9.485490e-01	2.299657e-03
506	-1.000000e+00	-9.486507e-01	2.297360e-03
507	-1.000000e+00	-9.487520e-01	2.295060e-03
508	-9.388235e-01	-9.487324e-01	2.290621e-03
509	-1.000000e+00	-9.488332e-01	2.288334e-03
510	-1.000000e+00	-9.489335e-01	2.286045e-03
511	-1.000000e+00	-9.490334e-01	2.283755e-03
512	-9.200000e-01	-9.489767e-01	2.279995e-03
513	-9.200000e-01	-9.489202e-01	2.276247e-03
514	-9.200000e-01	-9.488640e-01	2.272511e-03
515	-9.200000e-01	-9.488079e-01	2.268786e-03
516	-9.200000e-01	-9.487521e-01	2.265073e-03
517	-9.200000e-01	-9.486965e-01	2.261372e-03
518	-9.200000e-01	-9.486411e-01	2.257682e-03
519	-9.200000e-01	-9.485859e-01	2.254003e-03
520	-9.200000e-01	-9.485309e-01	2.250336e-03
521	-9.200000e-01	-9.484762e-01	2.246680e-03
522	-9.200000e-01	-9.484216e-01	2.243035e-03
523	-9.200000e-01	-9.483673e-01	2.239402e-03
524	-9.200000e-01	-9.483131e-01	2.235780e-03
525	-9.200000e-01	-9.482592e-01	2.232169e-03
526	-9.200000e-01	-9.482055e-01	2.228569e-03
527	-1.000000e+00	-9.483038e-01	2.226506e-03
528	-1.000000e+00	-9.484017e-01	2.224441e-03
529	-9.827451e-01	-9.484666e-01	2.221181e-03
530	-1.000000e+00	-9.485638e-01	2.219117e-03
531	-1.000000e+00	-9.486607e-01	2.217051e-03
532	-1.000000e+00	-9.487572e-01	2.214983e-03
533	-1.000000e+00	-9.488533e-01	2.212913e-03
534	-1.000000e+00	-9.489491e-01	2.210841e-03
535	-1.000000e+00	-9.490445e-01	2.208767e-03
536	-9.874510e-01	-9.491162e-01	2.205806e-03
537	-9.200000e-01	-9.490620e-01	2.202362e-03
538	-9.200000e-01	-9.490079e-01	2.198928e-03
539	-9.686275e-01	-9.490443e-01	2.195147e-03
540	-1.000000e+00	-9.491387e-01	2.193109e-03
541	-1.000000e+00	-9.492327e-01	2.191069e-03
542	-1.000000e+00	-9.493264e-01	2.189028e-03
543	-1.000000e+00	-9.494197e-01	2.186985e-03
544	-9.200000e-01	-9.493656e-01	2.183631e-03
545	-8.400000e-01	-9.491650e-01	2.188838e-03
546	-8.400000e-01	-9.489650e-01	2.193955e-03
547	-8.400000e-01	-9.487658e-01	2.198982e-03
548	-8.400000e-01	-9.485673e-01	2.203921e-03
549	-8.400000e-01	-9.483696e-01	2.208773e-03
550	-8.400000e-01	-9.481725e-01	2.213540e-03
551	-8.352941e-01	-9.479677e-01	2.218996e-03
552	-8.400000e-01	-9.477721e-01	2.223592e-03
553	-8.400000e-01	-9.475772e-01	2.228107e-03
554	-8.227451e-01	-9.473519e-01	2.235466e-03
555	-8.400000e-01	-9.471585e-01	2.239803e-03
556	-8.400000e-01	-9.469657e-01	2.244062e-03
557	-8.400000e-01	-9.467737e-01	2.248247e-03
558	-8.996078e-01	-9.466892e-01	2.245805e-03
559	-9.200000e-01	-9.466414e-01	2.242292e-03
560	-9.200000e-01	-9.465938e-01	2.238790e-03
561	-9.200000e-01	-9.465464e-01	2.235299e-03
562	-9.200000e-01	-9.464992e-01	2.231818e-03
563	-9.200000e-01	-9.464521e-01	2.228347e-03
564	-9.074510e-01	-9.463830e-01	2.225467e-03
565	-9.200000e-01	-9.463363e-01	2.222015e-03
566	-9.200000e-01	-9.462898e-01	2.218574e-03
567	-9.200000e-01	-9.462434e-01	2.215143e-03
568	-9.200000e-01	-9.461972e-01	2.211723e-03
569	-9.200000e-01	-9.461511e-01	2.208312e-03
570	-9.200000e-01	-9.461053e-01	2.204912e-03
571	-9.200000e-01	-9.460595e-01	2.201522e-03
572	-9.200000e-01	-9.460140e-01	2.198142e-03
573	-9.200000e-01	-9.459686e-01	2.194772e-03
574	-9.200000e-01	-9.459233e-01	2.191412e-03
575	-9.200000e-01	-9.458783e-01	2.188062e-03
576	-8.698039e-01	-9.457462e-01	2.188249e-03
577	-8.400000e-01	-9.455629e-01	2.192128e-03
578	-8.400000e-01	-9.453803e-01	2.195940e-03
579	-8.400000e-01	-9.451983e-01	2.199686e-03
580	-8.400000e-01	-9.450169e-01	2.203369e-03
581	-8.400000e-01	-9.448362e-01	2.206987e-03
582	-8.337255e-01	-9.446452e-01	2.211448e-03
583	-8.101961e-01	-9.444146e-01	2.219664e-03
584	-8.400000e-01	-9.442358e-01	2.223061e-03
585	-8.400000e-01	-9.440577e-01	2.226399e-03
586	-8.823529e-01	-9.439524e-01	2.225090e-03
587	-9.200000e-01	-9.439115e-01	2.221671e-03
588	-9.200000e-01	-9.438709e-01	2.218262e-03
589	-9.200000e-01	-9.438304e-01	2.214863e-03
590	-9.200000e-01	-9.437900e-01	2.211475e-03
591	-9.200000e-01	-9.437497e-01	2.208097e-03
592	-9.200000e-01	-9.437096e-01	2.204729e-03
593	-9.200000e-01	-9.436696e-01	2.201371e-03
594	-9.200000e-01	-9.436298e-01	2.198023e-03
595	-9.200000e-01	-9.435900e-01	2.194685e-03
596	-9.200000e-01	-9.435505e-01	2.191357e-03
597	-9.200000e-01	-9.435110e-01	2.188039e-03
598	-9.200000e-01	-9.434717e-01	2.184731e-03
599	-9.200000e-01	-9.434325e-01	2.181433e-03
600	-9.200000e-01	-9.433935e-01	2.178144e-03
601	-9.200000e-01	-9.433545e-01	2.174865e-03
602	-9.200000e-01	-9.433157e-01	2.171596e-03
603	-9.200000e-01	-9.432771e-01	2.168336e-03
604	-9.200000e-01	-9.432385e-01	2.165086e-03
605	-9.200000e-01	-9.432001e-01	2.161846e-03
606	-9.200000e-01	-9.431618e-01	2.158615e-03
607	-9.200000e-01	-9.431237e-01	2.155394e-03
608	-9.200000e-01	-9.430857e-01	2.152182e-03
609	-9.200000e-01	-9.430477e-01	2.148980e-03
610	-9.200000e-01	-9.430100e-01	2.145786e-03
611	-9.200000e-01	-9.429723e-01	2.142603e-03
612	-9.200000e-01	-9.429348e-01	2.139428e-03
613	-9.200000e-01	-9.428974e-01	2.136263e-03
614	-9.200000e-01	-9.428601e-01	2.133107e-03
615	-9.200000e-01	-9.428229e-01	2.129960e-03
616	-9.200000e-01	-9.427858e-01	2.126822e-03
617	-9.200000e-01	-9.427489e-01	2.123693e-03
618	-9.200000e-01	-9.427121e-01	2.120574e-03
619	-9.200000e-01	-9.426754e-01	2.117463e-03
620	-8.462745e-01	-9.425199e-01	2.119755e-03
621	-8.400000e-01	-9.423548e-01	2.122768e-03
622	-8.996078e-01	-9.422861e-01	2.120466e-03
623	-9.200000e-01	-9.422503e-01	2.117362e-03
624	-9.200000e-01	-9.422147e-01	2.114267e-03
625	-9.200000e-01	-9.421791e-01	2.111181e-03
626	-9.200000e-01	-9.421437e-01	2.108103e-03
627	-9.200000e-01	-9.421084e-01	2.105035e-03
628	-9.749020e-01	-9.421606e-01	2.102329e-03
629	-9.200000e-01	-9.421254e-01	2.099279e-03
630	-9.200000e-01	-9.420903e-01	2.096239e-03
631	-9.200000e-01	-9.420552e-01	2.093207e-03
632	-9.200000e-01	-9.420204e-01	2.090183e-03
633	-9.200000e-01	-9.419856e-01	2.087169e-03
634	-8.729412e-01	-9.418767e-01	2.086718e-03
635	-8.400000e-01	-9.417162e-01	2.089597e-03
636	-8.494118e-01	-9.415711e-01	2.091351e-03
637	-9.200000e-01	-9.415372e-01	2.088340e-03
638	-9.200000e-01	-9.415035e-01	2.085337e-03
639	-9.576471e-01	-9.415287e-01	2.082224e-03
640	-1.000000e+00	-9.416201e-01	2.080975e-03
641	-1.000000e+00	-9.417112e-01	2.079721e-03
642	-1.000000e+00	-9.418020e-01	2.078463e-03
643	-9.764706e-01	-9.418559e-01	2.075929e-03
644	-9.984314e-01	-9.419437e-01	2.074563e-03
645	-1.000000e+00	-9.420337e-01	2.073299e-03
646	-1.000000e+00	-9.421235e-01	2.072031e-03
647	-1.000000e+00	-9.422129e-01	2.070759e-03
648	-1.000000e+00	-9.423021e-01	2.069483e-03
649	-1.000000e+00	-9.423910e-01	2.068204e-03
650	-1.000000e+00	-9.424796e-01	2.066921e-03
651	-1.000000e+00	-9.425680e-01	2.065634e-03
652	-1.000000e+00	-9.426561e-01	2.064343e-03
653	-1.000000e+00	-9.427439e-01	2.063050e-03
654	-1.000000e+00	-9.428314e-01	2.061752e-03
655	-1.000000e+00	-9.429187e-01	2.060451e-03
656	-1.000000e+00	-9.430057e-01	2.059147e-03
657	-9.529412e-01	-9.430209e-01	2.056067e-03
658	-1.000000e+00	-9.431075e-01	2.054765e-03
659	-1.000000e+00	-9.431938e-01	2.053460e-03
660	-1.000000e+00	-9.432799e-01	2.052152e-03
661	-1.000000e+00	-9.433657e-01	2.050841e-03
662	-1.000000e+00	-9.434512e-01	2.049527e-03
663	-1.000000e+00	-9.435365e-01	2.048210e-03
664	-1.000000e+00	-9.436215e-01	2.046890e-03
665	-1.000000e+00	-9.437063e-01	2.045568e-03
666	-1.000000e+00	-9.437908e-01	2.044242e-03
667	-1.000000e+00	-9.438751e-01	2.042914e-03
668	-9.545098e-01	-9.438910e-01	2.039915e-03
669	-9.200000e-01	-9.438553e-01	2.037177e-03
670	-9.200000e-01	-9.438197e-01	2.034446e-03
671	-9.200000e-01	-9.437842e-01	2.031722e-03
672	-9.200000e-01	-9.437488e-01	2.029005e-03
673	-9.200000e-01	-9.437135e-01	2.026295e-03
674	-8.682353e-01	-9.436016e-01	2.026383e-03
675	-8.400000e-01	-9.434481e-01	2.029192e-03
676	-8.400000e-01	-9.432950e-01	2.031958e-03
677	-8.400000e-01	-9.431425e-01	2.034684e-03
678	-8.400000e-01	-9.429903e-01	2.037368e-03
679	-8.400000e-01	-9.428387e-01	2.040012e-03
680	-8.400000e-01	-9.426874e-01	2.042616e-03
681	-8.400000e-01	-9.425366e-01	2.045181e-03
682	-8.400000e-01	-9.423863e-01	2.047706e-03
683	-8.400000e-01	-9.422364e-01	2.050194e-03
684	-8.400000e-01	-9.420869e-01	2.052644e-03
685	-8.400000e-01	-9.419379e-01	2.055056e-03
686	-8.400000e-01	-9.417893e-01	2.057431e-03
687	-8.400000e-01	-9.416411e-01	2.059770e-03
688	-8.400000e-01	-9.414934e-01	2.062073e-03
689	-8.400000e-01	-9.413461e-01	2.064340e-03
690	-8.400000e-01	-9.411992e-01	2.066572e-03
691	-8.760784e-01	-9.411050e-01	2.065730e-03
692	-9.200000e-01	-9.410745e-01	2.062968e-03
693	-9.200000e-01	-9.410441e-01	2.060214e-03
694	-9.309804e-01	-9.410296e-01	2.057294e-03
695	-1.000000e+00	-9.411144e-01	2.056084e-03
696	-9.952941e-01	-9.411922e-01	2.054602e-03
697	-1.000000e+00	-9.412766e-01	2.053387e-03
698	-1.000000e+00	-9.413608e-01	2.052168e-03
699	-1.000000e+00	-9.414446e-01	2.050946e-03
700	-1.000000e+00	-9.415283e-01	2.049722e-03
701	-1.000000e+00	-9.416117e-01	2.048495e-03
702	-1.000000e+00	-9.416949e-01	2.047265e-03
703	-1.000000e+00	-9.417778e-01	2.046032e-03
704	-1.000000e+00	-9.418605e-01	2.044797e-03
705	-1.000000e+00	-9.419430e-01	2.043559e-03
706	-1.000000e+00	-9.420252e-01	2.042319e-03
707	-1.000000e+00	-9.421072e-01	2.041076e-03
708	-1.000000e+00	-9.421890e-01	2.039831e-03
709	-1.000000e+00	-9.422705e-01	2.038583e-03
710	-1.000000e+00	-9.423518e-01	2.037333e-03
711	-1.000000e+00	-9.424329e-01	2.036080e-03
712	-9.576471e-01	-9.424543e-01	2.033331e-03
713	-8.980392e-01	-9.423920e-01	2.031433e-03
714	-9.200000e-01	-9.423606e-01	2.028828e-03
715	-9.200000e-01	-9.423294e-01	2.026230e-03
716	-9.200000e-01	-9.422982e-01	2.023638e-03
717	-9.200000e-01	-9.422671e-01	2.021053e-03
718	-9.200000e-01	-9.422361e-01	2.018475e-03
719	-9.200000e-01	-9.422051e-01	2.015902e-03
720	-9.200000e-01	-9.421743e-01	2.013337e-03
721	-9.200000e-01	-9.421435e-01	2.010778e-03
722	-9.200000e-01	-9.421129e-01	2.008225e-03
723	-9.200000e-01	-9.420823e-01	2.005679e-03
724	-9.168627e-01	-9.420474e-01	2.003209e-03
725	-9.200000e-01	-9.420170e-01	2.000676e-03
726	-9.200000e-01	-9.419867e-01	1.998148e-03
727	-9.200000e-01	-9.419565e-01	1.995627e-03
728	-9.200000e-01	-9.419263e-01	1.993112e-03
729	-9.200000e-01	-9.418962e-01	1.990603e-03
730	-9.200000e-01	-9.418662e-01	1.988101e-03
731	-9.200000e-01	-9.418363e-01	1.985605e-03
732	-9.200000e-01	-9.418065e-01	1.983114e-03
733	-9.200000e-01	-9.417767e-01	1.980631e-03
734	-9.200000e-01	-9.417471e-01	1.978153e-03
735	-9.200000e-01	-9.417175e-01	1.975681e-03
736	-8.650980e-01	-9.416134e-01	1.975740e-03
737	-8.400000e-01	-9.414755e-01	1.977868e-03
738	-8.400000e-01	-9.413380e-01	1.979967e-03
739	-8.400000e-01	-9.412009e-01	1.982035e-03
740	-8.400000e-01	-9.410641e-01	1.984074e-03
741	-8.321569e-01	-9.409171e-01	1.986838e-03
742	-8.964706e-01	-9.408572e-01	1.985062e-03
743	-9.200000e-01	-9.408292e-01	1.982587e-03
744	-8.933333e-01	-9.407653e-01	1.980950e-03
745	-8.949020e-01	-9.407038e-01	1.979247e-03
746	-9.200000e-01	-9.406760e-01	1.976787e-03
747	-9.200000e-01	-9.406483e-01	1.974332e-03
748	-8.933333e-01	-9.405851e-01	1.972706e-03
749	-8.400000e-01	-9.404508e-01	1.974642e-03
750	-8.400000e-01	-9.403169e-01	1.976550e-03
751	-8.400000e-01	-9.401833e-01	1.978431e-03
752	-8.400000e-01	-9.400501e-01	1.980285e-03
753	-8.400000e-01	-9.399172e-01	1.982112e-03
754	-8.400000e-01	-9.397847e-01	1.983912e-03
755	-8.400000e-01	-9.396525e-01	1.985686e-03
756	-8.400000e-01	-9.395207e-01	1.987433e-03
757	-8.400000e-01	-9.393892e-01	1.989155e-03
758	-8.400000e-01	-9.392581e-01	1.990852e-03
759	-8.400000e-01	-9.391273e-01	1.992524e-03
760	-8.400000e-01	-9.389969e-01	1.994170e-03
761	-8.400000e-01	-9.388668e-01	1.995792e-03
762	-8.400000e-01	-9.387371e-01	1.997390e-03
763	-8.400000e-01	-9.386077e-01	1.998963e-03
764	-8.400000e-01	-9.384786e-01	2.000513e-03
765	-8.400000e-01	-9.383499e-01	2.002039e-03
766	-8.400000e-01	-9.382215e-01	2.003542e-03
767	-8.400000e-01	-9.380934e-01	2.005022e-03
768	-8.070588e-01	-9.379228e-01	2.009665e-03
769	-8.211765e-01	-9.377710e-01	2.012784e-03
770	-8.400000e-01	-9.376440e-01	2.014174e-03
771	-7.850980e-01	-9.374461e-01	2.021267e-03
772	-7.600000e-01	-9.372163e-01	2.031691e-03
773	-7.600000e-01	-9.369870e-01	2.041972e-03
774	-7.600000e-01	-9.367584e-01	2.052112e-03
775	-8.368627e-01	-9.366295e-01	2.053511e-03
776	-8.400000e-01	-9.365050e-01	2.054640e-03
777	-8.400000e-01	-9.363808e-01	2.055750e-03
778	-8.400000e-01	-9.362569e-01	2.056840e-03
779	-8.400000e-01	-9.361333e-01	2.057911e-03
780	-8.400000e-01	-9.360101e-01	2.058963e-03
781	-8.400000e-01	-9.358871e-01	2.059996e-03
782	-8.400000e-01	-9.357645e-01	2.061011e-03
783	-8.400000e-01	-9.356422e-01	2.062007e-03
784	-8.400000e-01	-9.355202e-01	2.062985e-03
785	-8.400000e-01	-9.353985e-01	2.063946e-03
786	-8.400000e-01	-9.352772e-01	2.064888e-03
787	-8.870588e-01	-9.352159e-01	2.063173e-03
788	-9.200000e-01	-9.351966e-01	2.060644e-03
789	-9.152941e-01	-9.351714e-01	2.058185e-03
790	-8.400000e-01	-9.350509e-01	2.059105e-03
791	-8.823529e-01	-9.349843e-01	2.057579e-03
792	-9.200000e-01	-9.349653e-01	2.055066e-03
793	-9.200000e-01	-9.349465e-01	2.052560e-03
794	-9.200000e-01	-9.349276e-01	2.050060e-03
795	-9.200000e-01	-9.349089e-01	2.047566e-03
796	-9.200000e-01	-9.348901e-01	2.045077e-03
797	-9.200000e-01	-9.348715e-01	2.042595e-03
798	-9.200000e-01	-9.348528e-01	2.040119e-03
799	-9.200000e-01	-9.348342e-01	2.037649e-03
800	-9.200000e-01	-9.348157e-01	2.035185e-03
801	-9.200000e-01	-9.347972e-01	2.032727e-03
802	-9.200000e-01	-9.347787e-01	2.030274e-03
803	-9.200000e-01	-9.347603e-01	2.027828e-03
804	-9.200000e-01	-9.347420e-01	2.025387e-03
805	-9.200000e-01	-9.347237e-01	2.022953e-03
806	-9.200000e-01	-9.347054e-01	2.020524e-03
807	-9.200000e-01	-9.346872e-01	2.018101e-03
808	-9.200000e-01	-9.346690e-01	2.015683e-03
809	-9.200000e-01	-9.346509e-01	2.013272e-03
810	-9.200000e-01	-9.346328e-01	2.010866e-03
811	-9.200000e-01	-9.346147e-01	2.008466e-03
812	-9.200000e-01	-9.345967e-01	2.006072e-03
813	-8.917647e-01	-9.345441e-01	2.004296e-03
814	-9.200000e-01	-9.345262e-01	2.001912e-03
815	-9.200000e-01	-9.345084e-01	1.999533e-03
816	-9.200000e-01	-9.344906e-01	1.997160e-03
817	-9.200000e-01	-9.344728e-01	1.994793e-03
818	-9.200000e-01	-9.344552e-01	1.992432e-03
819	-9.200000e-01	-9.344375e-01	1.990076e-03
820	-9.200000e-01	-9.344199e-01	1.987725e-03
821	-9.200000e-01	-9.344023e-01	1.985380e-03
822	-9.200000e-01	-9.343848e-01	1.983041e-03
823	-9.200000e-01	-9.343673e-01	1.980707e-03
824	-9.200000e-01	-9.343499e-01	1.978379e-03
825	-9.200000e-01	-9.343325e-01	1.976056e-03
826	-9.200000e-01	-9.343151e-01	1.973738e-03
827	-9.200000e-01	-9.342978e-01	1.971426e-03
828	-9.200000e-01	-9.342806e-01	1.969120e-03
829	-9.200000e-01	-9.342633e-01	1.966818e-03
830	-9.200000e-01	-9.342462e-01	1.964522e-03
831	-9.200000e-01	-9.342290e-01	1.962232e-03
832	-9.200000e-01	-9.342119e-01	1.959946e-03
833	-9.200000e-01	-9.341949e-01	1.957667e-03
834	-9.200000e-01	-9.341778e-01	1.955392e-03
835	-9.200000e-01	-9.341609e-01	1.953123e-03
836	-9.200000e-01	-9.341439e-01	1.950858e-03
837	-9.200000e-01	-9.341270e-01	1.948599e-03
838	-9.200000e-01	-9.341102e-01	1.946346e-03
839	-9.200000e-01	-9.340933e-01	1.944097e-03
840	-9.200000e-01	-9.340766e-01	1.941854e-03
841	-9.200000e-01	-9.340598e-01	1.939616e-03
842	-9.200000e-01	-9.340431e-01	1.937383e-03
843	-9.200000e-01	-9.340265e-01	1.935155e-03
844	-8.525490e-01	-9.339299e-01	1.935270e-03
845	-8.400000e-01	-9.338188e-01	1.936172e-03
846	-8.400000e-01	-9.337079e-01	1.937059e-03
847	-9.121569e-01	-9.336824e-01	1.934938e-03
848	-9.200000e-01	-9.336663e-01	1.932722e-03
849	-9.200000e-01	-9.336502e-01	1.930512e-03
850	-9.200000e-01	-9.336341e-01	1.928306e-03
851	-9.200000e-01	-9.336181e-01	1.926105e-03
852	-9.200000e-01	-9.336021e-01	1.923910e-03
853	-9.200000e-01	-9.335862e-01	1.921719e-03
854	-9.200000e-01	-9.335703e-01	1.919533e-03
855	-9.200000e-01	-9.335544e-01	1.917353e-03
856	-9.200000e-01	-9.335386e-01	1.915177e-03
857	-9.200000e-01	-9.335228e-01	1.913006e-03
858	-9.200000e-01	-9.335070e-01	1.910840e-03
859	-9.200000e-01	-9.334913e-01	1.908679e-03
860	-9.200000e-01	-9.334756e-01	1.906523e-03
861	-9.200000e-01	-9.334600e-01	1.904372e-03
862	-9.200000e-01	-9.334443e-01	1.902225e-03
863	-9.200000e-01	-9.334288e-01	1.900084e-03
864	-9.200000e-01	-9.334132e-01	1.897947e-03
865	-9.200000e-01	-9.333977e-01	1.895815e-03
866	-8.556863e-01	-9.333080e-01	1.895750e-03
867	-8.886275e-01	-9.332564e-01	1.894263e-03
868	-9.200000e-01	-9.332412e-01	1.892141e-03
869	-8.980392e-01	-9.332007e-01	1.890396e-03
870	-8.760784e-01	-9.331350e-01	1.889363e-03
871	-9.200000e-01	-9.331199e-01	1.887253e-03
872	-9.200000e-01	-9.331049e-01	1.885148e-03
873	-9.200000e-01	-9.330899e-01	1.883047e-03
874	-9.200000e-01	-9.330749e-01	1.880951e-03
875	-9.200000e-01	-9.330599e-01	1.878859e-03
876	-9.200000e-01	-9.330450e-01	1.876773e-03
877	-9.200000e-01	-9.330302e-01	1.874690e-03
878	-9.200000e-01	-9.330153e-01	1.872613e-03
879	-9.200000e-01	-9.330005e-01	1.870540e-03
880	-9.200000e-01	-9.329857e-01	1.868471e-03
881	-9.200000e-01	-9.329710e-01	1.866408e-03
882	-9.200000e-01	-9.329563e-01	1.864348e-03
883	-9.200000e-01	-9.329416e-01	1.862293e-03
884	-9.200000e-01	-9.329270e-01	1.860243e-03
885	-9.200000e-01	-9.329124e-01	1.858197e-03
886	-9.200000e-01	-9.328978e-01	1.856156e-03
887	-9.200000e-01	-9.328833e-01	1.854119e-03
888	-9.200000e-01	-9.328688e-01	1.852087e-03
889	-9.200000e-01	-9.328543e-01	1.850059e-03
890	-9.200000e-01	-9.328398e-01	1.848036e-03
891	-9.200000e-01	-9.328254e-01	1.846017e-03
892	-9.200000e-01	-9.328110e-01	1.844002e-03
893	-9.152941e-01	-9.327914e-01	1.842040e-03
894	-9.200000e-01	-9.327771e-01	1.840034e-03
895	-9.200000e-01	-9.327628e-01	1.838033e-03
896	-9.200000e-01	-9.327486e-01	1.836036e-03
897	-9.200000e-01	-9.327344e-01	1.834043e-03
898	-9.200000e-01	-9.327202e-01	1.832054e-03
899	-9.200000e-01	-9.327061e-01	1.830070e-03
900	-9.200000e-01	-9.326919e-01	1.828090e-03
901	-9.200000e-01	-9.326779e-01	1.826114e-03
902	-8.431373e-01	-9.325786e-01	1.826787e-03
903	-8.400000e-01	-9.324761e-01	1.827641e-03
904	-8.400000e-01	-9.323738e-01	1.828482e-03
905	-9.137255e-01	-9.323532e-01	1.826577e-03
906	-9.200000e-01	-9.323395e-01	1.824611e-03
907	-8.917647e-01	-9.322948e-01	1.823147e-03
908	-9.200000e-01	-9.322812e-01	1.821188e-03
909	-9.011765e-01	-9.322470e-01	1.819505e-03
910	-9.200000e-01	-9.322336e-01	1.817555e-03
911	-9.200000e-01	-9.322201e-01	1.815608e-03
912	-9.200000e-01	-9.322067e-01	1.813666e-03
913	-9.200000e-01	-9.321934e-01	1.811727e-03
914	-9.200000e-01	-9.321800e-01	1.809793e-03
915	-9.200000e-01	-9.321667e-01	1.807863e-03
916	-9.200000e-01	-9.321534e-01	1.805937e-03
917	-9.200000e-01	-9.321402e-01	1.804016e-03
918	-9.200000e-01	-9.321270e-01	1.802098e-03
919	-9.200000e-01	-9.321138e-01	1.800184e-03
920	-9.200000e-01	-9.321006e-01	1.798275e-03
921	-9.200000e-01	-9.320875e-01	1.796369e-03
922	-9.200000e-01	-9.320743e-01	1.794468e-03
923	-9.200000e-01	-9.320613e-01	1.792570e-03
924	-9.200000e-01	-9.320482e-01	1.790677e-03
925	-9.200000e-01	-9.320352e-01	1.788787e-03
926	-9.200000e-01	-9.320222e-01	1.786902e-03
927	-9.200000e-01	-9.320092e-01	1.785020e-03
928	-9.200000e-01	-9.319963e-01	1.783142e-03
929	-9.200000e-01	-9.319834e-01	1.781269e-03
930	-9.121569e-01	-9.319620e-01	1.779480e-03
931	-8.305882e-01	-9.318532e-01	1.780900e-03
932	-7.929412e-01	-9.317041e-01	1.785221e-03
933	-8.400000e-01	-9.316058e-01	1.786013e-03
934	-8.400000e-01	-9.315077e-01	1.786793e-03
935	-8.462745e-01	-9.314166e-01	1.787208e-03
936	-9.200000e-01	-9.314044e-01	1.785339e-03
937	-9.200000e-01	-9.313922e-01	1.783474e-03
938	-9.200000e-01	-9.313801e-01	1.781613e-03
939	-8.823529e-01	-9.313279e-01	1.780480e-03
940	-9.200000e-01	-9.313158e-01	1.778626e-03
941	-9.200000e-01	-9.313038e-01	1.776776e-03
942	-9.200000e-01	-9.312918e-01	1.774929e-03
943	-9.200000e-01	-9.312798e-01	1.773086e-03
944	-9.200000e-01	-9.312679e-01	1.771247e-03
945	-9.200000e-01	-9.312559e-01	1.769412e-03
946	-9.200000e-01	-9.312440e-01	1.767581e-03
947	-9.200000e-01	-9.312322e-01	1.765753e-03
948	-9.200000e-01	-9.312203e-01	1.763929e-03
949	-9.200000e-01	-9.312085e-01	1.762109e-03
950	-9.200000e-01	-9.311967e-01	1.760293e-03
951	-9.200000e-01	-9.311849e-01	1.758481e-03
952	-9.200000e-01	-9.311732e-01	1.756672e-03
953	-9.200000e-01	-9.311615e-01	1.754867e-03
954	-9.200000e-01	-9.311498e-01	1.753065e-03
955	-9.200000e-01	-9.311381e-01	1.751268e-03
956	-9.200000e-01	-9.311264e-01	1.749473e-03
957	-8.541176e-01	-9.310460e-01	1.749496e-03
958	-8.666667e-01	-9.309788e-01	1.748960e-03
959	-9.200000e-01	-9.309673e-01	1.747173e-03
960	-9.200000e-01	-9.309559e-01	1.745390e-03
961	-9.200000e-01	-9.309445e-01	1.743610e-03
962	-9.200000e-01	-9.309331e-01	1.741834e-03
963	-9.200000e-01	-9.309218e-01	1.740061e-03
964	-9.200000e-01	-9.309104e-01	1.738292e-03
965	-9.200000e-01	-9.308991e-01	1.736526e-03
966	-9.200000e-01	-9.308878e-01	1.734764e-03
967	-9.200000e-01	-9.308766e-01	1.733006e-03
968	-9.200000e-01	-9.308653e-01	1.731251e-03
969	-9.200000e-01	-9.308541e-01	1.729500e-03
970	-9.200000e-01	-9.308429e-01	1.727753e-03
971	-9.200000e-01	-9.308318e-01	1.726008e-03
972	-8.792157e-01	-9.307787e-01	1.725049e-03
973	-7.725490e-01	-9.306160e-01	1.730931e-03
974	-8.133333e-01	-9.304956e-01	1.733341e-03
975	-9.074510e-01	-9.304720e-01	1.731724e-03
976	-9.200000e-01	-9.304613e-01	1.729982e-03
977	-9.200000e-01	-9.304506e-01	1.728243e-03
978	-9.200000e-01	-9.304399e-01	1.726508e-03
979	-8.807843e-01	-9.303892e-01	1.725489e-03
980	-8.462745e-01	-9.303033e-01	1.725863e-03
981	-9.200000e-01	-9.302928e-01	1.724135e-03
982	-9.200000e-01	-9.302823e-01	1.722410e-03
983	-9.200000e-01	-9.302719e-01	1.720689e-03
984	-9.200000e-01	-9.302614e-01	1.718971e-03
985	-9.200000e-01	-9.302510e-01	1.717257e-03
986	-9.200000e-01	-9.302406e-01	1.715546e-03
987	-9.200000e-01	-9.302302e-01	1.713838e-03
988	-9.200000e-01	-9.302199e-01	1.712134e-03
989	-9.200000e-01	-9.302096e-01	1.710433e-03
990	-9.200000e-01	-9.301992e-01	1.708736e-03
991	-9.325490e-01	-9.302016e-01	1.707012e-03
992	-1.000000e+00	-9.302720e-01	1.706742e-03
993	-1.000000e+00	-9.303422e-01	1.706467e-03
994	-9.858824e-01	-9.303981e-01	1.705665e-03
995	-1.000000e+00	-9.304680e-01	1.705385e-03
996	-1.000000e+00	-9.305378e-01	1.705102e-03
997	-1.000000e+00	-9.306075e-01	1.704815e-03
998	-1.000000e+00	-9.306770e-01	1.704525e-03
999	-1.000000e+00	-9.307464e-01	1.704231e-03
1000	-9.968627e-01	-9.308125e-01	1.703809e-03
1	-1.000000e+00	-1.000000e+00	0.000000e+00
2	-1.000000e+00	-1.000000e+00	0.000000e+00
3	-1.000000e+00	-1.000000e+00	0.000000e+00
4	-1.000000e+00	-1.000000e+00	0.000000e+00
5	-1.000000e+00	-1.000000e+00	0.000000e+00
6	-1.000000e+00	-1.000000e+00	0.000000e+00
7	-1.000000e+00	-1.000000e+00	0.000000e+00
8	-1.000000e+00	-1.000000e+00	0.000000e+00
9	-1.000000e+00	-1.000000e+00	0.000000e+00
10	-1.000000e+00	-1.000000e+00	0.000000e+00
11	-1.000000e+00	-1.000000e+00	0.000000e+00
12	-1.000000e+00	-1.000000e+00	0.000000e+00
13	-1.000000e+00	-1.000000e+00	0.000000e+00
14	-1.000000e+00	-1.000000e+00	0.000000e+00
15	-1.000000e+00	-1.000000e+00	0.000000e+00
16	-1.000000e+00	-1.000000e+00	0.000000e+00
17	-9.827451e-01	-9.989850e-01	1.014994e-03
18	-9.984314e-01	-9.989542e-01	9.574399e-04
19	-1.000000e+00	-9.990093e-01	9.073184e-04
20	-1.000000e+00	-9.990588e-01	8.621820e-04
21	-1.000000e+00	-9.991036e-01	8.213224e-04
22	-1.000000e+00	-9.991444e-01	7.841594e-04
23	-1.000000e+00	-9.991816e-01	7.502131e-04
24	-1.000000e+00	-9.992157e-01	7.190834e-04
25	-1.000000e+00	-9.992471e-01	6.904337e-04
26	-1.000000e+00	-9.992760e-01	6.639791e-04
27	-1.000000e+00	-9.993028e-01	6.394766e-04
28	-1.000000e+00	-9.993277e-01	6.167179e-04
29	-1.000000e+00	-9.993509e-01	5.955232e-04
30	-1.000000e+00	-9.993725e-01	5.757368e-04
31	-1.000000e+00	-9.993928e-01	5.572227e-04
32	-1.000000e+00	-9.994118e-01	5.398622e-04
33	-1.000000e+00	-9.994296e-01	5.235506e-04
34	-1.000000e+00	-9.994464e-01	5.081957e-04
35	-1.000000e+00	-9.994622e-01	4.937157e-04
36	-1.000000e+00	-9.994771e-01	4.800379e-04
37	-1.000000e+00	-9.994913e-01	4.670975e-04
38	-1.000000e+00	-9.995046e-01	4.548364e-04
39	-9.372549e-01	-9.979085e-01	1.656488e-03
40	-9.200000e-01	-9.959608e-01	2.529889e-03
41	-9.200000e-01	-9.941081e-01	3.085552e-03
42	-9.498039e-01	-9.930532e-01	3.190611e-03
43	-9.200000e-01	-9.913543e-01	3.548636e-03
44	-9.200000e-01	-9.897326e-01	3.827570e-03
45	-9.200000e-01	-9.881830e-01	4.049749e-03
46	-9.592157e-01	-9.875533e-01	4.010481e-03
47	-1.000000e+00	-9.878181e-01	3.933149e-03
48	-1.000000e+00	-9.880719e-01	3.858692e-03
49	-1.000000e+00	-9.883153e-01	3.786955e-03
50	-1.000000e+00	-9.885490e-01	3.717795e-03
51	-1.000000e+00	-9.887735e-01	3.651078e-03
52	-9.968627e-01	-9.889291e-01	3.583555e-03
53	-1.000000e+00	-9.891380e-01	3.521491e-03
54	-1.000000e+00	-9.893391e-01	3.461512e-03
55	-1.000000e+00	-9.895330e-01	3.403517e-03
56	-1.000000e+00	-9.897199e-01	3.347410e-03
57	-1.000000e+00	-9.899002e-01	3.293101e-03
58	-1.000000e+00	-9.900744e-01	3.240508e-03
59	-1.000000e+00	-9.902426e-01	3.189550e-03
60	-9.921569e-01	-9.902745e-01	3.136103e-03
61	-9.200000e-01	-9.891225e-01	3.292396e-03
62	-9.090196e-01	-9.878305e-01	3.487036e-03
63	-8.400000e-01	-9.854840e-01	4.156867e-03
64	-8.588235e-01	-9.835049e-01	4.544917e-03
65	-9.200000e-01	-9.825279e-01	4.579871e-03
66	-9.200000e-01	-9.815805e-01	4.608379e-03
67	-9.592157e-01	-9.812467e-01	4.551334e-03
68	-1.000000e+00	-9.815225e-01	4.492376e-03
69	-1.000000e+00	-9.817903e-01	4.434883e-03
70	-1.000000e+00	-9.820504e-01	4.378802e-03
71	-1.000000e+00	-9.823032e-01	4.324085e-03
72	-1.000000e+00	-9.825490e-01	4.270684e-03
73	-9.827451e-01	-9.825517e-01	4.211776e-03
74	-9.200000e-01	-9.817064e-01	4.239592e-03
75	-9.200000e-01	-9.808837e-01	4.262834e-03
76	-9.200000e-01	-9.800826e-01	4.281975e-03
77	-9.200000e-01	-9.793023e-01	4.297433e-03
78	-9.200000e-01	-9.785420e-01	4.309574e-03
79	-9.200000e-01	-9.778009e-01	4.318724e-03
80	-9.137255e-01	-9.770000e-01	4.338963e-03
81	-9.074510e-01	-9.761414e-01	4.370239e-03
82	-9.200000e-01	-9.754567e-01	4.370573e-03
83	-9.200000e-01	-9.747886e-01	4.368987e-03
84	-9.200000e-01	-9.741363e-01	4.365661e-03
85	-9.200000e-01	-9.734994e-01	4.360756e-03
86	-9.200000e-01	-9.728773e-01	4.354417e-03
87	-9.200000e-01	-9.722696e-01	4.346776e-03
88	-9.200000e-01	-9.716756e-01	4.337954e-03
89	-9.200000e-01	-9.710950e-01	4.328059e-03
90	-9.294118e-01	-9.706318e-01	4.304687e-03
91	-1.000000e+00	-9.709545e-01	4.269336e-03
92	-1.000000e+00	-9.712702e-01	4.234461e-03
93	-1.000000e+00	-9.715792e-01	4.200058e-03
94	-9.654902e-01	-9.715144e-01	4.155641e-03
95	-9.200000e-01	-9.709721e-01	4.147267e-03
96	-8.682353e-01	-9.699020e-01	4.241082e-03
97	-9.294118e-01	-9.694845e-01	4.217838e-03
98	-1.000000e+00	-9.697959e-01	4.186174e-03
99	-1.000000e+00	-9.701010e-01	4.154890e-03
100	-1.000000e+00	-9.704000e-01	4.123984e-03
101	-1.000000e+00	-9.706931e-01	4.093453e-03
102	-1.000000e+00	-9.709804e-01	4.063293e-03
103	-9.905882e-01	-9.711708e-01	4.028151e-03
104	-9.200000e-01	-9.706787e-01	4.019460e-03
105	-9.200000e-01	-9.701961e-01	4.010147e-03
106	-9.200000e-01	-9.697225e-01	4.000263e-03
107	-9.200000e-01	-9.692578e-01	3.989855e-03
108	-9.200000e-01	-9.688017e-01	3.978965e-03
109	-9.200000e-01	-9.683540e-01	3.967634e-03
110	-9.200000e-01	-9.679144e-01	3.955899e-03
111	-9.200000e-01	-9.674828e-01	3.943793e-03
112	-9.200000e-01	-9.670588e-01	3.931348e-03
113	-9.200000e-01	-9.666424e-01	3.918594e-03
114	-9.200000e-01	-9.662332e-01	3.905558e-03
115	-9.200000e-01	-9.658312e-01	3.892266e-03
116	-9.200000e-01	-9.654361e-01	3.878741e-03
117	-9.200000e-01	-9.650478e-01	3.865006e-03
118	-8.494118e-01	-9.640678e-01	3.955428e-03
119	-8.400000e-01	-9.630252e-01	4.058257e-03
120	-8.400000e-01	-9.620000e-01	4.152832e-03
121	-8.400000e-01	-9.609917e-01	4.239995e-03
122	-8.400000e-01	-9.600000e-01	4.320461e-03
123	-8.400000e-01	-9.590244e-01	4.394846e-03
124	-8.400000e-01	-9.580645e-01	4.463688e-03
125	-8.400000e-01	-9.571200e-01	4.527452e-03
126	-8.400000e-01	-9.561905e-01	4.586554e-03
127	-8.400000e-01	-9.552756e-01	4.641359e-03
128	-8.400000e-01	-9.543750e-01	4.692193e-03
129	-8.400000e-01	-9.534884e-01	4.739350e-03
130	-9.168627e-01	-9.532066e-01	4.711184e-03
131	-9.200000e-01	-9.529532e-01	4.681950e-03
132	-9.200000e-01	-9.527035e-01	4.653047e-03
133	-9.200000e-01	-9.524576e-01	4.624471e-03
134	-9.200000e-01	-9.522154e-01	4.596217e-03
135	-9.200000e-01	-9.519768e-01	4.568281e-03
136	-9.200000e-01	-9.517416e-01	4.540658e-03
137	-9.200000e-01	-9.515099e-01	4.513343e-03
138	-9.200000e-01	-9.512816e-01	4.486333e-03
139	-9.200000e-01	-9.510566e-01	4.459622e-03
140	-9.200000e-01	-9.508347e-01	4.433207e-03
141	-9.200000e-01	-9.506160e-01	4.407082e-03
142	-9.200000e-01	-9.504004e-01	4.381245e-03
143	-9.200000e-01	-9.501879e-01	4.355690e-03
144	-9.200000e-01	-9.499782e-01	4.330414e-03
145	-9.654902e-01	-9.500852e-01	4.301775e-03
146	-1.000000e+00	-9.504271e-01	4.285867e-03
147	-1.000000e+00	-9.507643e-01	4.269950e-03
148	-1.000000e+00	-9.510970e-01	4.254028e-03
149	-1.000000e+00	-9.514252e-01	4.238109e-03
150	-1.000000e+00	-9.517490e-01	4.222197e-03
151	-1.000000e+00	-9.520686e-01	4.206297e-03
152	-1.000000e+00	-9.523839e-01	4.190414e-03
153	-1.000000e+00	-9.526951e-01	4.174553e-03
154	-9.811765e-01	-9.528801e-01	4.151478e-03
155	-9.968627e-01	-9.531638e-01	4.134357e-03
156	-1.000000e+00	-9.534641e-01	4.118726e-03
157	-1.000000e+00	-9.537605e-01	4.103128e-03
158	-1.000000e+00	-9.540531e-01	4.087567e-03
159	-1.000000e+00	-9.543421e-01	4.072044e-03
160	-1.000000e+00	-9.546275e-01	4.056563e-03
161	-1.000000e+00	-9.549093e-01	4.041127e-03
162	-1.000000e+00	-9.551876e-01	4.025738e-03
163	-1.000000e+00	-9.554625e-01	4.010398e-03
164	-1.000000e+00	-9.557341e-01	3.995110e-03
165	-1.000000e+00	-9.560024e-01	3.979876e-03
166	-1.000000e+00	-9.562674e-01	3.964697e-03
167	-1.000000e+00	-9.565293e-01	3.949576e-03
168	-1.000000e+00	-9.567880e-01	3.934514e-03
169	-1.000000e+00	-9.570437e-01	3.919513e-03
170	-1.000000e+00	-9.572964e-01	3.904573e-03
171	-1.000000e+00	-9.575462e-01	3.889697e-03
172	-1.000000e+00	-9.577930e-01	3.874886e-03
173	-1.000000e+00	-9.580369e-01	3.860140e-03
174	-1.000000e+00	-9.582781e-01	3.845461e-03
175	-1.000000e+00	-9.585165e-01	3.830850e-03
176	-1.000000e+00	-9.587522e-01	3.816307e-03
177	-1.000000e+00	-9.589853e-01	3.801834e-03
178	-1.000000e+00	-9.592157e-01	3.787430e-03
179	-1.000000e+00	-9.594435e-01	3.773098e-03
180	-1.000000e+00	-9.596688e-01	3.758837e-03
181	-1.000000e+00	-9.598917e-01	3.744647e-03
182	-9.200000e-01	-9.596725e-01	3.730460e-03
183	-9.200000e-01	-9.594557e-01	3.716348e-03
184	-9.200000e-01	-9.592413e-01	3.702310e-03
185	-9.200000e-01	-9.590291e-01	3.688347e-03
186	-9.200000e-01	-9.588193e-01	3.674460e-03
187	-9.200000e-01	-9.586117e-01	3.660649e-03
188	-9.200000e-01	-9.584063e-01	3.646913e-03
189	-9.200000e-01	-9.582031e-01	3.633253e-03
190	-9.200000e-01	-9.580021e-01	3.619669e-03
191	-9.200000e-01	-9.578031e-01	3.606161e-03
192	-9.200000e-01	-9.576062e-01	3.592729e-03
193	-9.200000e-01	-9.574114e-01	3.579373e-03
194	-9.200000e-01	-9.572185e-01	3.566092e-03
195	-9.200000e-01	-9.570277e-01	3.552888e-03
196	-9.200000e-01	-9.568387e-01	3.539759e-03
197	-9.200000e-01	-9.566517e-01	3.526706e-03
198	-9.200000e-01	-9.564666e-01	3.513729e-03
199	-9.200000e-01	-9.562834e-01	3.500827e-03
200	-9.200000e-01	-9.561020e-01	3.488000e-03
201	-9.200000e-01	-9.559223e-01	3.475248e-03
202	-9.200000e-01	-9.557445e-01	3.462570e-03
203	-9.200000e-01	-9.555684e-01	3.449967e-03
204	-9.200000e-01	-9.553941e-01	3.437439e-03
205	-9.200000e-01	-9.552214e-01	3.424984e-03
206	-9.200000e-01	-9.550504e-01	3.412603e-03
207	-9.200000e-01	-9.548811e-01	3.400296e-03
208	-9.529412e-01	-9.548718e-01	3.383922e-03
209	-1.000000e+00	-9.550877e-01	3.374607e-03
210	-1.000000e+00	-9.553016e-01	3.365302e-03
211	-1.000000e+00	-9.555134e-01	3.356007e-03
212	-1.000000e+00	-9.557233e-01	3.346724e-03
213	-1.000000e+00	-9.559311e-01	3.337455e-03
214	-1.000000e+00	-9.561371e-01	3.328200e-03
215	-1.000000e+00	-9.563411e-01	3.318960e-03
216	-1.000000e+00	-9.565432e-01	3.309736e-03
217	-1.000000e+00	-9.567435e-01	3.300530e-03
218	-1.000000e+00	-9.569419e-01	3.291341e-03
219	-1.000000e+00	-9.571385e-01	3.282172e-03
220	-9.309804e-01	-9.570196e-01	3.269382e-03
221	-9.200000e-01	-9.568521e-01	3.258862e-03
222	-9.200000e-01	-9.566861e-01	3.248394e-03
223	-9.200000e-01	-9.565216e-01	3.237976e-03
224	-9.200000e-01	-9.563585e-01	3.227609e-03
225	-8.760784e-01	-9.560017e-01	3.232981e-03
226	-8.886275e-01	-9.557036e-01	3.232421e-03
227	-9.200000e-01	-9.555463e-01	3.221991e-03
228	-9.701961e-01	-9.556106e-01	3.208472e-03
229	-1.000000e+00	-9.558044e-01	3.200306e-03
230	-1.000000e+00	-9.559966e-01	3.192150e-03
231	-1.000000e+00	-9.561871e-01	3.184004e-03
232	-1.000000e+00	-9.563759e-01	3.175870e-03
233	-1.000000e+00	-9.565632e-01	3.167749e-03
234	-1.000000e+00	-9.567488e-01	3.159640e-03
235	-1.000000e+00	-9.569328e-01	3.151544e-03
236	-1.000000e+00	-9.571153e-01	3.143463e-03
237	-1.000000e+00	-9.572963e-01	3.135397e-03
238	-1.000000e+00	-9.574757e-01	3.127347e-03
239	-1.000000e+00	-9.576536e-01	3.119313e-03
240	-1.000000e+00	-9.578301e-01	3.111296e-03
241	-1.000000e+00	-9.580050e-01	3.103296e-03
242	-1.000000e+00	-9.581786e-01	3.095314e-03
243	-1.000000e+00	-9.583507e-01	3.087351e-03
244	-1.000000e+00	-9.585214e-01	3.079406e-03
245	-1.000000e+00	-9.586907e-01	3.071481e-03
246	-1.000000e+00	-9.588586e-01	3.063575e-03
247	-1.000000e+00	-9.590252e-01	3.055690e-03
248	-9.984314e-01	-9.591841e-01	3.047489e-03
249	-1.000000e+00	-9.593480e-01	3.039648e-03
250	-1.000000e+00	-9.595106e-01	3.031829e-03
251	-1.000000e+00	-9.596719e-01	3.024032e-03
252	-1.000000e+00	-9.598319e-01	3.016256e-03
253	-1.000000e+00	-9.599907e-01	3.008502e-03
254	-1.000000e+00	-9.601482e-01	3.000772e-03
255	-1.000000e+00	-9.603045e-01	2.993064e-03
256	-1.000000e+00	-9.604596e-01	2.985379e-03
257	-9.905882e-01	-9.605768e-01	2.976050e-03
258	-1.000000e+00	-9.607296e-01	2.968428e-03
259	-1.000000e+00	-9.608812e-01	2.960829e-03
260	-1.000000e+00	-9.610317e-01	2.953254e-03
261	-1.000000e+00	-9.611810e-01	2.945704e-03
262	-1.000000e+00	-9.613291e-01	2.938177e-03
263	-1.000000e+00	-9.614762e-01	2.930675e-03
264	-9.341176e-01	-9.613725e-01	2.921391e-03
265	-8.964706e-01	-9.611276e-01	2.920633e-03
266	-8.556863e-01	-9.607312e-01	2.936510e-03
267	-9.027451e-01	-9.605141e-01	2.933541e-03
268	-9.200000e-01	-9.603629e-01	2.926482e-03
269	-9.200000e-01	-9.602128e-01	2.919441e-03
270	-9.200000e-01	-9.600639e-01	2.912419e-03
271	-9.200000e-01	-9.599161e-01	2.905416e-03
272	-9.200000e-01	-9.597693e-01	2.898432e-03
273	-9.200000e-01	-9.596236e-01	2.891467e-03
274	-9.200000e-01	-9.594790e-01	2.884522e-03
275	-9.200000e-01	-9.593355e-01	2.877597e-03
276	-9.200000e-01	-9.591930e-01	2.870692e-03
277	-9.200000e-01	-9.590515e-01	2.863807e-03
278	-9.200000e-01	-9.589110e-01	2.856943e-03
279	-9.200000e-01	-9.587715e-01	2.850099e-03
280	-9.200000e-01	-9.586331e-01	2.843276e-03
281	-8.901961e-01	-9.583895e-01	2.843588e-03
282	-9.200000e-01	-9.582534e-01	2.836755e-03
283	-9.200000e-01	-9.581182e-01	2.829943e-03
284	-9.200000e-01	-9.579840e-01	2.823153e-03
285	-9.200000e-01	-9.578507e-01	2.816385e-03
286	-9.200000e-01	-9.577184e-01	2.809639e-03
287	-9.200000e-01	-9.575869e-01	2.802915e-03
288	-9.200000e-01	-9.574564e-01	2.796213e-03
289	-9.200000e-01	-9.573268e-01	2.789533e-03
290	-9.200000e-01	-9.571981e-01	2.782876e-03
291	-9.200000e-01	-9.570703e-01	2.776241e-03
292	-9.200000e-01	-9.569433e-01	2.769628e-03
293	-9.200000e-01	-9.568172e-01	2.763037e-03
294	-9.200000e-01	-9.566920e-01	2.756469e-03
295	-9.200000e-01	-9.565676e-01	2.749924e-03
296	-9.200000e-01	-9.564441e-01	2.743401e-03
297	-9.200000e-01	-9.563214e-01	2.736900e-03
298	-9.200000e-01	-9.561995e-01	2.730422e-03
299	-9.200000e-01	-9.560784e-01	2.723967e-03
300	-9.200000e-01	-9.559582e-01	2.717534e-03
301	-9.200000e-01	-9.558387e-01	2.711124e-03
302	-9.200000e-01	-9.557200e-01	2.704737e-03
303	-9.200000e-01	-9.556021e-01	2.698372e-03
304	-9.200000e-01	-9.554850e-01	2.692029e-03
305	-9.200000e-01	-9.553687e-01	2.685710e-03
306	-9.200000e-01	-9.552531e-01	2.679413e-03
307	-9.200000e-01	-9.551383e-01	2.673138e-03
308	-9.200000e-01	-9.550242e-01	2.666886e-03
309	-9.200000e-01	-9.549108e-01	2.660657e-03
310	-9.200000e-01	-9.547982e-01	2.654450e-03
311	-9.043137e-01	-9.546359e-01	2.650876e-03
312	-9.184314e-01	-9.545199e-01	2.644913e-03
313	-9.200000e-01	-9.544096e-01	2.638755e-03
314	-9.200000e-01	-9.543000e-01	2.632620e-03
315	-9.200000e-01	-9.541911e-01	2.626507e-03
316	-9.200000e-01	-9.540829e-01	2.620417e-03
317	-9.200000e-01	-9.539754e-01	2.614349e-03
318	-9.200000e-01	-9.538685e-01	2.608304e-03
319	-9.200000e-01	-9.537624e-01	2.602282e-03
320	-9.200000e-01	-9.536569e-01	2.596281e-03
321	-9.200000e-01	-9.535520e-01	2.590304e-03
322	-9.200000e-01	-9.534478e-01	2.584348e-03
323	-8.729412e-01	-9.531986e-01	2.588363e-03
324	-8.400000e-01	-9.528492e-01	2.603907e-03
325	-8.400000e-01	-9.525020e-01	2.619003e-03
326	-8.400000e-01	-9.521569e-01	2.633664e-03
327	-8.400000e-01	-9.518139e-01	2.647906e-03
328	-8.400000e-01	-9.514730e-01	2.661740e-03
329	-8.400000e-01	-9.511342e-01	2.675181e-03
330	-8.400000e-01	-9.507974e-01	2.688240e-03
331	-8.400000e-01	-9.504627e-01	2.700929e-03
332	-8.400000e-01	-9.501299e-01	2.713259e-03
333	-8.400000e-01	-9.497992e-01	2.725240e-03
334	-8.400000e-01	-9.494705e-01	2.736884e-03
335	-8.400000e-01	-9.491437e-01	2.748199e-03
336	-8.400000e-01	-9.488189e-01	2.759195e-03
337	-8.917647e-01	-9.486496e-01	2.756200e-03
338	-9.200000e-01	-9.485648e-01	2.749340e-03
339	-9.200000e-01	-9.484805e-01	2.742513e-03
340	-9.200000e-01	-9.483968e-01	2.735717e-03
341	-9.200000e-01	-9.483135e-01	2.728954e-03
342	-9.200000e-01	-9.482307e-01	2.722222e-03
343	-9.200000e-01	-9.481484e-01	2.715521e-03
344	-9.200000e-01	-9.480666e-01	2.708852e-03
345	-9.043137e-01	-9.479398e-01	2.703965e-03
346	-8.400000e-01	-9.476278e-01	2.714127e-03
347	-8.525490e-01	-9.473538e-01	2.720129e-03
348	-9.168627e-01	-9.472662e-01	2.713716e-03
349	-9.200000e-01	-9.471880e-01	2.707057e-03
350	-9.200000e-01	-9.471104e-01	2.700429e-03
351	-9.200000e-01	-9.470331e-01	2.693832e-03
352	-9.200000e-01	-9.469563e-01	2.687266e-03
353	-9.200000e-01	-9.468800e-01	2.680730e-03
354	-9.200000e-01	-9.468040e-01	2.674225e-03
355	-9.200000e-01	-9.467285e-01	2.667750e-03
356	-9.200000e-01	-9.466534e-01	2.661305e-03
357	-9.200000e-01	-9.465788e-01	2.654890e-03
358	-9.200000e-01	-9.465045e-01	2.648504e-03
359	-9.200000e-01	-9.464307e-01	2.642148e-03
360	-9.200000e-01	-9.463573e-01	2.635822e-03
361	-9.200000e-01	-9.462843e-01	2.629524e-03
362	-9.200000e-01	-9.462117e-01	2.623255e-03
363	-8.556863e-01	-9.459623e-01	2.627878e-03
364	-8.603922e-01	-9.457272e-01	2.631171e-03
365	-9.200000e-01	-9.456567e-01	2.624899e-03
366	-9.200000e-01	-9.455866e-01	2.618656e-03
367	-9.200000e-01	-9.455169e-01	2.612442e-03
368	-9.043137e-01	-9.454049e-01	2.607738e-03
369	-8.400000e-01	-9.451193e-01	2.616302e-03
370	-8.400000e-01	-9.448352e-01	2.624643e-03
371	-8.400000e-01	-9.445526e-01	2.632767e-03
372	-8.400000e-01	-9.442716e-01	2.640679e-03
373	-8.400000e-01	-9.439920e-01	2.648386e-03
374	-8.400000e-01	-9.437140e-01	2.655890e-03
375	-8.713725e-01	-9.435210e-01	2.655814e-03
376	-9.200000e-01	-9.434585e-01	2.649480e-03
377	-9.200000e-01	-9.433963e-01	2.643175e-03
378	-9.200000e-01	-9.433344e-01	2.636900e-03
379	-9.200000e-01	-9.432728e-01	2.630653e-03
380	-9.200000e-01	-9.432116e-01	2.624436e-03
381	-9.200000e-01	-9.431506e-01	2.618248e-03
382	-9.200000e-01	-9.430900e-01	2.612088e-03
383	-8.996078e-01	-9.429765e-01	2.607731e-03
384	-9.058824e-01	-9.428799e-01	2.602725e-03
385	-8.901961e-01	-9.427431e-01	2.599560e-03
386	-8.400000e-01	-9.424769e-01	2.606443e-03
387	-8.509804e-01	-9.422405e-01	2.610428e-03
388	-9.200000e-01	-9.421831e-01	2.604322e-03
389	-9.168627e-01	-9.421181e-01	2.598434e-03
390	-9.200000e-01	-9.420613e-01	2.592383e-03
391	-9.200000e-01	-9.420049e-01	2.586360e-03
392	-9.200000e-01	-9.419488e-01	2.580365e-03
393	-9.200000e-01	-9.418929e-01	2.574396e-03
394	-9.200000e-01	-9.418374e-01	2.568455e-03
395	-9.200000e-01	-9.417821e-01	2.562541e-03
396	-9.200000e-01	-9.417271e-01	2.556653e-03
397	-9.200000e-01	-9.416723e-01	2.550792e-03
398	-9.200000e-01	-9.416179e-01	2.544958e-03
399	-9.200000e-01	-9.415637e-01	2.539150e-03
400	-9.200000e-01	-9.415098e-01	2.533367e-03
401	-9.200000e-01	-9.414562e-01	2.527611e-03
402	-9.200000e-01	-9.414028e-01	2.521881e-03
403	-9.200000e-01	-9.413497e-01	2.516176e-03
404	-9.200000e-01	-9.412968e-01	2.510496e-03
405	-9.200000e-01	-9.412443e-01	2.504842e-03
406	-9.200000e-01	-9.411919e-01	2.499212e-03
407	-9.200000e-01	-9.411399e-01	2.493608e-03
408	-9.027451e-01	-9.410458e-01	2.489268e-03
409	-8.400000e-01	-9.407987e-01	2.495434e-03
410	-8.400000e-01	-9.405528e-01	2.501451e-03
411	-8.352941e-01	-9.402967e-01	2.508465e-03
412	-7.600000e-01	-9.398591e-01	2.540346e-03
413	-8.494118e-01	-9.396401e-01	2.543633e-03
414	-9.200000e-01	-9.395927e-01	2.537925e-03
415	-9.200000e-01	-9.395455e-01	2.532242e-03
416	-9.200000e-01	-9.394985e-01	2.526584e-03
417	-9.200000e-01	-9.394517e-01	2.520952e-03
418	-9.200000e-01	-9.394052e-01	2.515344e-03
419	-9.372549e-01	-9.394001e-01	2.509339e-03
420	-1.000000e+00	-9.395444e-01	2.507512e-03
421	-1.000000e+00	-9.396880e-01	2.505667e-03
422	-1.000000e+00	-9.398309e-01	2.503805e-03
423	-1.000000e+00	-9.399731e-01	2.501925e-03
424	-9.968627e-01	-9.401073e-01	2.499621e-03
425	-9.200000e-01	-9.400600e-01	2.494181e-03
426	-9.450980e-01	-9.400718e-01	2.488348e-03
427	-1.000000e+00	-9.402122e-01	2.486478e-03
428	-1.000000e+00	-9.403518e-01	2.484591e-03
429	-1.000000e+00	-9.404909e-01	2.482689e-03
430	-1.000000e+00	-9.406293e-01	2.480772e-03
431	-1.000000e+00	-9.407670e-01	2.478840e-03
432	-1.000000e+00	-9.409041e-01	2.476893e-03
433	-1.000000e+00	-9.410406e-01	2.474932e-03
434	-1.000000e+00	-9.411765e-01	2.472957e-03
435	-1.000000e+00	-9.413117e-01	2.470969e-03
436	-1.000000e+00	-9.414463e-01	2.468967e-03
437	-1.000000e+00	-9.415803e-01	2.466952e-03
438	-1.000000e+00	-9.417137e-01	2.464925e-03
439	-1.000000e+00	-9.418464e-01	2.462885e-03
440	-1.000000e+00	-9.419786e-01	2.460833e-03
441	-1.000000e+00	-9.421102e-01	2.458769e-03
442	-1.000000e+00	-9.422411e-01	2.456693e-03
443	-1.000000e+00	-9.423715e-01	2.454607e-03
444	-1.000000e+00	-9.425013e-01	2.452509e-03
445	-1.000000e+00	-9.426305e-01	2.450401e-03
446	-1.000000e+00	-9.427592e-01	2.448282e-03
447	-9.811765e-01	-9.428451e-01	2.444310e-03
448	-9.278431e-01	-9.428116e-01	2.439078e-03
449	-1.000000e+00	-9.429390e-01	2.436970e-03
450	-1.000000e+00	-9.430658e-01	2.434853e-03
451	-1.000000e+00	-9.431920e-01	2.432725e-03
452	-1.000000e+00	-9.433177e-01	2.430589e-03
453	-1.000000e+00	-9.434428e-01	2.428443e-03
454	-1.000000e+00	-9.435674e-01	2.426288e-03
455	-1.000000e+00	-9.436914e-01	2.424125e-03
456	-1.000000e+00	-9.438149e-01	2.421953e-03
457	-1.000000e+00	-9.439379e-01	2.419773e-03
458	-1.000000e+00	-9.440603e-01	2.417585e-03
459	-1.000000e+00	-9.441822e-01	2.415388e-03
460	-1.000000e+00	-9.443035e-01	2.413184e-03
461	-1.000000e+00	-9.444243e-01	2.410973e-03
462	-9.403922e-01	-9.444156e-01	2.405765e-03
463	-9.200000e-01	-9.443629e-01	2.401142e-03
464	-9.200000e-01	-9.443103e-01	2.396537e-03
465	-9.200000e-01	-9.442581e-01	2.391949e-03
466	-9.403922e-01	-9.442498e-01	2.386825e-03
467	-9.968627e-01	-9.443624e-01	2.384372e-03
468	-1.000000e+00	-9.444813e-01	2.382240e-03
469	-1.000000e+00	-9.445997e-01	2.380100e-03
470	-1.000000e+00	-9.447176e-01	2.377954e-03
471	-1.000000e+00	-9.448349e-01	2.375801e-03
472	-1.000000e+00	-9.449518e-01	2.373641e-03
473	-1.000000e+00	-9.450682e-01	2.371475e-03
474	-1.000000e+00	-9.451841e-01	2.369303e-03
475	-1.000000e+00	-9.452995e-01	2.367124e-03
476	-1.000000e+00	-9.454144e-01	2.364940e-03
477	-1.000000e+00	-9.455288e-01	2.362750e-03
478	-1.000000e+00	-9.456428e-01	2.360554e-03
479	-1.000000e+00	-9.457563e-01	2.358352e-03
480	-1.000000e+00	-9.458693e-01	2.356145e-03
481	-1.000000e+00	-9.459818e-01	2.353934e-03
482	-1.000000e+00	-9.460939e-01	2.351717e-03
483	-1.000000e+00	-9.462055e-01	2.349495e-03
484	-1.000000e+00	-9.463166e-01	2.347269e-03
485	-1.000000e+00	-9.464273e-01	2.345038e-03
486	-1.000000e+00	-9.465376e-01	2.342802e-03
487	-1.000000e+00	-9.466473e-01	2.340562e-03
488	-1.000000e+00	-9.467567e-01	2.338318e-03
489	-1.000000e+00	-9.468656e-01	2.336071e-03
490	-1.000000e+00	-9.469740e-01	2.333819e-03
491	-1.000000e+00	-9.470820e-01	2.331563e-03
492	-1.000000e+00	-9.471895e-01	2.329304e-03
493	-1.000000e+00	-9.472967e-01	2.327041e-03
494	-1.000000e+00	-9.474034e-01	2.324775e-03
495	-1.000000e+00	-9.475096e-01	2.322506e-03
496	-1.000000e+00	-9.476154e-01	2.320233e-03
497	-1.000000e+00	-9.477208e-01	2.317958e-03
498	-1.000000e+00	-9.478258e-01	2.315679e-03
499	-1.000000e+00	-9.479304e-01	2.313398e-03
500	-1.000000e+00	-9.480345e-01	2.311114e-03
501	-1.000000e+00	-9.481382e-01	2.308828e-03
502	-1.000000e+00	-9.482415e-01	2.306538e-03
503	-1.000000e+00	-9.483444e-01	2.304247e-03
504	-1.000000e+00	-9.484469e-01	2.301953e-03
505	-1.000000e+00	-9.485490e-01	2.299657e-03
506	-1.000000e+00	-9.486507e-01	2.297360e-03
507	-1.000000e+00	-9.487520e-01	2.295060e-03
508	-9.388235e-01	-9.487324e-01	2.290621e-03
509	-1.000000e+00	-9.488332e-01	2.288334e-03
510	-1.000000e+00	-9.489335e-01	2.286045e-03
511	-1.000000e+00	-9.490334e-01	2.283755e-03
512	-9.200000e-01	-9.489767e-01	2.279995e-03
513	-9.200000e-01	-9.489202e-01	2.276247e-03
514	-9.200000e-01	-9.488640e-01	2.272511e-03
515	-9.200000e-01	-9.488079e-01	2.268786e-03
516	-9.200000e-01	-9.487521e-01	2.265073e-03
517	-9.200000e-01	-9.486965e-01	2.261372e-03
518	-9.200000e-01	-9.486411e-01	2.257682e-03
519	-9.200000e-01	-9.485859e-01	2.254003e-03
520	-9.200000e-01	-9.485309e-01	2.250336e-03
521	-9.200000e-01	-9.484762e-01	2.246680e-03
522	-9.200000e-01	-9.484216e-01	2.243035e-03
523	-9.200000e-01	-9.483673e-01	2.239402e-03
524	-9.200000e-01	-9.483131e-01	2.235780e-03
525	-9.200000e-01	-9.482592e-01	2.232169e-03
526	-9.200000e-01	-9.482055e-01	2.228569e-03
527	-1.000000e+00	-9.483038e-01	2.226506e-03
528	-1.000000e+00	-9.484017e-01	2.224441e-03
529	-9.827451e-01	-9.484666e-01	2.221181e-03
530	-1.000000e+00	-9.485638e-01	2.219117e-03
531	-1.000000e+00	-9.486607e-01	2.217051e-03
532	-1.000000e+00	-9.487572e-01	2.214983e-03
533	-1.000000e+00	-9.488533e-01	2.212913e-03
534	-1.000000e+00	-9.489491e-01	2.210841e-03
535	-1.000000e+00	-9.490445e-01	2.208767e-03
536	-9.874510e-01	-9.491162e-01	2.205806e-03
537	-9.200000e-01	-9.490620e-01	2.202362e-03
538	-9.200000e-01	-9.490079e-01	2.198928e-03
539	-9.686275e-01	-9.490443e-01	2.195147e-03
540	-1.000000e+00	-9.491387e-01	2.193109e-03
541	-1.000000e+00	-9.492327e-01	2.191069e-03
542	-1.000000e+00	-9.493264e-01	2.189028e-03
543	-1.000000e+00	-9.494197e-01	2.186985e-03
544	-9.200000e-01	-9.493656e-01	2.183631e-03
545	-8.400000e-01	-9.491650e-01	2.188838e-03
546	-8.400000e-01	-9.489650e-01	2.193955e-03
547	-8.400000e-01	-9.487658e-01	2.198982e-03
548	-8.400000e-01	-9.485673e-01	2.203921e-03
549	-8.400000e-01	-9.483696e-01	2.208773e-03
550	-8.400000e-01	-9.481725e-01	2.213540e-03
551	-8.352941e-01	-9.479677e-01	2.218996e-03
552	-8.400000e-01	-9.477721e-01	2.223592e-03
553	-8.400000e-01	-9.475772e-01	2.228107e-03
554	-8.227451e-01	-9.473519e-01	2.235466e-03
555	-8.400000e-01	-9.471585e-01	2.239803e-03
556	-8.400000e-01	-9.469657e-01	2.244062e-03
557	-8.400000e-01	-9.467737e-01	2.248247e-03
558	-8.996078e-01	-9.466892e-01	2.245805e-03
559	-9.200000e-01	-9.466414e-01	2.242292e-03
560	-9.200000e-01	-9.465938e-01	2.238790e-03
561	-9.200000e-01	-9.465464e-01	2.235299e-03
562	-9.200000e-01	-9.464992e-01	2.231818e-03
563	-9.200000e-01	-9.464521e-01	2.228347e-03
564	-9.074510e-01	-9.463830e-01	2.225467e-03
565	-9.200000e-01	-9.463363e-01	2.222015e-03
566	-9.200000e-01	-9.462898e-01	2.218574e-03
567	-9.200000e-01	-9.462434e-01	2.215143e-03
568	-9.200000e-01	-9.461972e-01	2.211723e-03
569	-9.200000e-01	-9.461511e-01	2.208312e-03
570	-9.200000e-01	-9.461053e-01	2.204912e-03
571	-9.200000e-01	-9.460595e-01	2.201522e-03
572	-9.200000e-01	-9.460140e-01	2.198142e-03
573	-9.200000e-01	-9.459686e-01	2.194772e-03
574	-9.200000e-01	-9.459233e-01	2.191412e-03
575	-9.200000e-01	-9.458783e-01	2.188062e-03
576	-8.698039e-01	-9.457462e-01	2.188249e-03
577	-8.400000e-01	-9.455629e-01	2.192128e-03
578	-8.400000e-01	-9.453803e-01	2.195940e-03
579	-8.400000e-01	-9.451983e-01	2.199686e-03
580	-8.400000e-01	-9.450169e-01	2.203369e-03
581	-8.400000e-01	-9.448362e-01	2.206987e-03
582	-8.337255e-01	-9.446452e-01	2.211448e-03
583	-8.101961e-01	-9.444146e-01	2.219664e-03
584	-8.400000e-01	-9.442358e-01	2.223061e-03
585	-8.400000e-01	-9.440577e-01	2.226399e-03
586	-8.823529e-01	-9.439524e-01	2.225090e-03
587	-9.200000e-01	-9.439115e-01	2.221671e-03
588	-9.200000e-01	-9.438709e-01	2.218262e-03
589	-9.200000e-01	-9.438304e-01	2.214863e-03
590	-9.200000e-01	-9.437900e-01	2.211475e-03
591	-9.200000e-01	-9.437497e-01	2.208097e-03
592	-9.200000e-01	-9.437096e-01	2.204729e-03
593	-9.200000e-01	-9.436696e-01	2.201371e-03
594	-9.200000e-01	-9.436298e-01	2.198023e-03
595	-9.200000e-01	-9.435900e-01	2.194685e-03
596	-9.200000e-01	-9.435505e-01	2.191357e-03
597	-9.200000e-01	-9.435110e-01	2.188039e-03
598	-9.200000e-01	-9.434717e-01	2.184731e-03
599	-9.200000e-01	-9.434325e-01	2.181433e-03
600	-9.200000e-01	-9.433935e-01	2.178144e-03
601	-9.200000e-01	-9.433545e-01	2.174865e-03
602	-9.200000e-01	-9.433157e-01	2.171596e-03
603	-9.200000e-01	-9.432771e-01	2.168336e-03
604	-9.200000e-01	-9.432385e-01	2.165086e-03
605	-9.200000e-01	-9.432001e-01	2.161846e-03
606	-9.200000e-01	-9.431618e-01	2.158615e-03
607	-9.200000e-01	-9.431237e-01	2.155394e-03
608	-9.200000e-01	-9.430857e-01	2.152182e-03
609	-9.200000e-01	-9.430477e-01	2.148980e-03
610	-9.200000e-01	-9.430100e-01	2.145786e-03
611	-9.200000e-01	-9.429723e-01	2.142603e-03
612	-9.200000e-01	-9.429348e-01	2.139428e-03
613	-9.200000e-01	-9.428974e-01	2.136263e-03
614	-9.200000e-01	-9.428601e-01	2.133107e-03
615	-9.200000e-01	-9.428229e-01	2.129960e-03
616	-9.200000e-01	-9.427858e-01	2.126822e-03
617	-9.200000e-01	-9.427489e-01	2.123693e-03
618	-9.200000e-01	-9.427121e-01	2.120574e-03
619	-9.200000e-01	-9.426754e-01	2.117463e-03
620	-8.462745e-01	-9.425199e-01	2.119755e-03
621	-8.400000e-01	-9.423548e-01	2.122768e-03
622	-8.996078e-01	-9.422861e-01	2.120466e-03
623	-9.200000e-01	-9.422503e-01	2.117362e-03
624	-9.200000e-01	-9.422147e-01	2.114267e-03
625	-9.200000e-01	-9.421791e-01	2.111181e-03
626	-9.200000e-01	-9.421437e-01	2.108103e-03
627	-9.200000e-01	-9.421084e-01	2.105035e-03
628	-9.749020e-01	-9.421606e-01	2.102329e-03
629	-9.200000e-01	-9.421254e-01	2.099279e-03
630	-9.200000e-01	-9.420903e-01	2.096239e-03
631	-9.200000e-01	-9.420552e-01	2.093207e-03
632	-9.200000e-01	-9.420204e-01	2.090183e-03
633	-9.200000e-01	-9.419856e-01	2.087169e-03
634	-8.729412e-01	-9.418767e-01	2.086718e-03
635	-8.400000e-01	-9.417162e-01	2.089597e-03
636	-8.494118e-01	-9.415711e-01	2.091351e-03
637	-9.200000e-01	-9.415372e-01	2.088340e-03
638	-9.200000e-01	-9.415035e-01	2.085337e-03
639	-9.576471e-01	-9.415287e-01	2.082224e-03
640	-1.000000e+00	-9.416201e-01	2.080975e-03
641	-1.000000e+00	-9.417112e-01	2.079721e-03
642	-1.000000e+00	-9.418020e-01	2.078463e-03
643	-9.764706e-01	-9.418559e-01	2.075929e-03
644	-9.984314e-01	-9.419437e-01	2.074563e-03
645	-1.000000e+00	-9.420337e-01	2.073299e-03
646	-1.000000e+00	-9.421235e-01	2.072031e-03
647	-1.000000e+00	-9.422129e-01	2.070759e-03
648	-1.000000e+00	-9.423021e-01	2.069483e-03
649	-1.000000e+00	-9.423910e-01	2.068204e-03
650	-1.000000e+00	-9.424796e-01	2.066921e-03
651	-1.000000e+00	-9.425680e-01	2.065634e-03
652	-1.000000e+00	-9.426561e-01	2.064343e-03
653	-1.000000e+00	-9.427439e-01	2.063050e-03
654	-1.000000e+00	-9.428314e-01	2.061752e-03
655	-1.000000e+00	-9.429187e-01	2.060451e-03
656	-1.000000e+00	-9.430057e-01	2.059147e-03
657	-9.529412e-01	-9.430209e-01	2.056067e-03
658	-1.000000e+00	-9.431075e-01	2.054765e-03
659	-1.000000e+00	-9.431938e-01	2.053460e-03
660	-1.000000e+00	-9.432799e-01	2.052152e-03
661	-1.000000e+00	-9.433657e-01	2.050841e-03
662	-1.000000e+00	-9.434512e-01	2.049527e-03
663	-1.000000e+00	-9.435365e-01	2.048210e-03
664	-1.000000e+00	-9.436215e-01	2.046890e-03
665	-1.000000e+00	-9.437063e-01	2.045568e-03
666	-1.000000e+00	-9.437908e-01	2.044242e-03
667	-1.000000e+00	-9.438751e-01	2.042914e-03
668	-9.545098e-01	-9.438910e-01	2.039915e-03
669	-9.200000e-01	-9.438553e-01	2.037177e-03
670	-9.200000e-01	-9.438197e-01	2.034446e-03
671	-9.200000e-01	-9.437842e-01	2.031722e-03
672	-9.200000e-01	-9.437488e-01	2.029005e-03
673	-9.200000e-01	-9.437135e-01	2.026295e-03
674	-8.682353e-01	-9.436016e-01	2.026383e-03
675	-8.400000e-01	-9.434481e-01	2.029192e-03
676	-8.400000e-01	-9.432950e-01	2.031958e-03
677	-8.400000e-01	-9.431425e-01	2.034684e-03
678	-8.400000e-01	-9.429903e-01	2.037368e-03
679	-8.400000e-01	-9.428387e-01	2.040012e-03
680	-8.400000e-01	-9.426874e-01	2.042616e-03
681	-8.400000e-01	-9.425366e-01	2.045181e-03
682	-8.400000e-01	-9.423863e-01	2.047706e-03
683	-8.400000e-01	-9.422364e-01	2.050194e-03
684	-8.400000e-01	-9.420869e-01	2.052644e-03
685	-8.400000e-01	-9.419379e-01	2.055056e-03
686	-8.400000e-01	-9.417893e-01	2.057431e-03
687	-8.400000e-01	-9.416411e-01	2.059770e-03
688	-8.400000e-01	-9.414934e-01	2.062073e-03
689	-8.400000e-01	-9.413461e-01	2.064340e-03
690	-8.400000e-01	-9.411992e-01	2.066572e-03
691	-8.760784e-01	-9.411050e-01	2.065730e-03
692	-9.200000e-01	-9.410745e-01	2.062968e-03
693	-9.200000e-01	-9.410441e-01	2.060214e-03
694	-9.309804e-01	-9.410296e-01	2.057294e-03
695	-1.000000e+00	-9.411144e-01	2.056084e-03
696	-9.952941e-01	-9.411922e-01	2.054602e-03
697	-1.000000e+00	-9.412766e-01	2.053387e-03
698	-1.000000e+00	-9.413608e-01	2.052168e-03
699	-1.000000e+00	-9.414446e-01	2.050946e-03
700	-1.000000e+00	-9.415283e-01	2.049722e-03
701	-1.000000e+00	-9.416117e-01	2.048495e-03
702	-1.000000e+00	-9.416949e-01	2.047265e-03
703	-1.000000e+00	-9.417778e-01	2.046032e-03
704	-1.000000e+00	-9.418605e-01	2.044797e-03
705	-1.000000e+00	-9.419430e-01	2.043559e-03
706	-1.000000e+00	-9.420252e-01	2.042319e-03
707	-1.000000e+00	-9.421072e-01	2.041076e-03
708	-1.000000e+00	-9.421890e-01	2.039831e-03
709	-1.000000e+00	-9.422705e-01	2.038583e-03
710	-1.000000e+00	-9.423518e-01	2.037333e-03
711	-1.000000e+00	-9.424329e-01	2.036080e-03
712	-9.576471e-01	-9.424543e-01	2.033331e-03
713	-8.980392e-01	-9.423920e-01	2.031433e-03
714	-9.200000e-01	-9.423606e-01	2.028828e-03
715	-9.200000e-01	-9.423294e-01	2.026230e-03
716	-9.200000e-01	-9.422982e-01	2.023638e-03
717	-9.200000e-01	-9.422671e-01	2.021053e-03
718	-9.200000e-01	-9.422361e-01	2.018475e-03
719	-9.200000e-01	-9.422051e-01	2.015902e-03
720	-9.200000e-01	-9.421743e-01	2.013337e-03
721	-9.200000e-01	-9.421435e-01	2.010778e-03
722	-9.200000e-01	-9.421129e-01	2.008225e-03
723	-9.200000e-01	-9.420823e-01	2.005679e-03
724	-9.168627e-01	-9.420474e-01	2.003209e-03
725	-9.200000e-01	-9.420170e-01	2.000676e-03
726	-9.200000e-01	-9.419867e-01	1.998148e-03
727	-9.200000e-01	-9.419565e-01	1.995627e-03
728	-9.200000e-01	-9.419263e-01	1.993112e-03
729	-9.200000e-01	-9.418962e-01	1.990603e-03
730	-9.200000e-01	-9.418662e-01	1.988101e-03
731	-9.200000e-01	-9.418363e-01	1.985605e-03
732	-9.200000e-01	-9.418065e-01	1.983114e-03
733	-9.200000e-01	-9.417767e-01	1.980631e-03
734	-9.200000e-01	-9.417471e-01	1.978153e-03
735	-9.200000e-01	-9.417175e-01	1.975681e-03
736	-8.650980e-01	-9.416134e-01	1.975740e-03
737	-8.400000e-01	-9.414755e-01	1.977868e-03
738	-8.400000e-01	-9.413380e-01	1.979967e-03
739	-8.400000e-01	-9.412009e-01	1.982035e-03
740	-8.400000e-01	-9.410641e-01	1.984074e-03
741	-8.321569e-01	-9.409171e-01	1.986838e-03
742	-8.964706e-01	-9.408572e-01	1.985062e-03
743	-9.200000e-01	-9.408292e-01	1.982587e-03
744	-8.933333e-01	-9.407653e-01	1.980950e-03
745	-8.949020e-01	-9.407038e-01	1.979247e-03
746	-9.200000e-01	-9.406760e-01	1.976787e-03
747	-9.200000e-01	-9.406483e-01	1.974332e-03
748	-8.933333e-01	-9.405851e-01	1.972706e-03
749	-8.400000e-01	-9.404508e-01	1.974642e-03
750	-8.400000e-01	-9.403169e-01	1.976550e-03
751	-8.400000e-01	-9.401833e-01	1.978431e-03
752	-8.400000e-01	-9.400501e-01	1.980285e-03
753	-8.400000e-01	-9.399172e-01	1.982112e-03
754	-8.400000e-01	-9.397847e-01	1.983912e-03
755	-8.400000e-01	-9.396525e-01	1.985686e-03
756	-8.400000e-01	-9.395207e-01	1.987433e-03
757	-8.400000e-01	-9.393892e-01	1.989155e-03
758	-8.400000e-01	-9.392581e-01	1.990852e-03
759	-8.400000e-01	-9.391273e-01	1.992524e-03
760	-8.400000e-01	-9.389969e-01	1.994170e-03
761	-8.400000e-01	-9.388668e-01	1.995792e-03
762	-8.400000e-01	-9.387371e-01	1.997390e-03
763	-8.400000e-01	-9.386077e-01	1.998963e-03
764	-8.400000e-01	-9.384786e-01	2.000513e-03
765	-8.400000e-01	-9.383499e-01	2.002039e-03
766	-8.400000e-01	-9.382215e-01	2.003542e-03
767	-8.400000e-01	-9.380934e-01	2.005022e-03
768	-8.070588e-01	-9.379228e-01	2.009665e-03
769	-8.211765e-01	-9.377710e-01	2.012784e-03
770	-8.400000e-01	-9.376440e-01	2.014174e-03
771	-7.850980e-01	-9.374461e-01	2.021267e-03
772	-7.600000e-01	-9.372163e-01	2.031691e-03
773	-7.600000e-01	-9.369870e-01	2.041972e-03
774	-7.600000e-01	-9.367584e-01	2.052112e-03
775	-8.368627e-01	-9.366295e-01	2.053511e-03
776	-8.400000e-01	-9.365050e-01	2.054640e-03
777	-8.400000e-01	-9.363808e-01	2.055750e-03
778	-8.400000e-01	-9.362569e-01	2.056840e-03
779	-8.400000e-01	-9.361333e-01	2.057911e-03
780	-8.400000e-01	-9.360101e-01	2.058963e-03
781	-8.400000e-01	-9.358871e-01	2.059996e-03
782	-8.400000e-01	-9.357645e-01	2.061011e-03
783	-8.400000e-01	-9.356422e-01	2.062007e-03
784	-8.400000e-01	-9.355202e-01	2.062985e-03
785	-8.400000e-01	-9.353985e-01	2.063946e-03
786	-8.400000e-01	-9.352772e-01	2.064888e-03
787	-8.870588e-01	-9.352159e-01	2.063173e-03
788	-9.200000e-01	-9.351966e-01	2.060644e-03
789	-9.152941e-01	-9.351714e-01	2.058185e-03
790	-8.400000e-01	-9.350509e-01	2.059105e-03
791	-8.823529e-01	-9.349843e-01	2.057579e-03
792	-9.200000e-01	-9.349653e-01	2.055066e-03
793	-9.200000e-01	-9.349465e-01	2.052560e-03
794	-9.200000e-01	-9.349276e-01	2.050060e-03
795	-9.200000e-01	-9.349089e-01	2.047566e-03
796	-9.200000e-01	-9.348901e-01	2.045077e-03
797	-9.200000e-01	-9.348715e-01	2.042595e-03
798	-9.200000e-01	-9.348528e-01	2.040119e-03
799	-9.200000e-01	-9.348342e-01	2.037649e-03
800	-9.200000e-01	-9.348157e-01	2.035185e-03
801	-9.200000e-01	-9.347972e-01	2.032727e-03
802	-9.200000e-01	-9.347787e-01	2.030274e-03
803	-9.200000e-01	-9.347603e-01	2.027828e-03
804	-9.200000e-01	-9.347420e-01	2.025387e-03
805	-9.200000e-01	-9.347237e-01	2.022953e-03
806	-9.200000e-01	-9.347054e-01	2.020524e-03
807	-9.200000e-01	-9.346872e-01	2.018101e-03
808	-9.200000e-01	-9.346690e-01	2.015683e-03
809	-9.200000e-01	-9.346509e-01	2.013272e-03
810	-9.200000e-01	-9.346328e-01	2.010866e-03
811	-9.200000e-01	-9.346147e-01	2.008466e-03
812	-9.200000e-01	-9.345967e-01	2.006072e-03
813	-8.917647e-01	-9.345441e-01	2.004296e-03
814	-9.200000e-01	-9.345262e-01	2.001912e-03
815	-9.200000e-01	-9.345084e-01	1.999533e-03
816	-9.200000e-01	-9.344906e-01	1.997160e-03
817	-9.200000e-01	-9.344728e-01	1.994793e-03
818	-9.200000e-01	-9.344552e-01	1.992432e-03
819	-9.200000e-01	-9.344375e-01	1.990076e-03
820	-9.200000e-01	-9.344199e-01	1.987725e-03
821	-9.200000e-01	-9.344023e-01	1.985380e-03
822	-9.200000e-01	-9.343848e-01	1.983041e-03
823	-9.200000e-01	-9.343673e-01	1.980707e-03
824	-9.200000e-01	-9.343499e-01	1.978379e-03
825	-9.200000e-01	-9.343325e-01	1.976056e-03
826	-9.200000e-01	-9.343151e-01	1.973738e-03
827	-9.200000e-01	-9.342978e-01	1.971426e-03
828	-9.200000e-01	-9.342806e-01	1.969120e-03
829	-9.200000e-01	-9.342633e-01	1.966818e-03
830	-9.200000e-01	-9.342462e-01	1.964522e-03
831	-9.200000e-01	-9.342290e-01	1.962232e-03
832	-9.200000e-01	-9.342119e-01	1.959946e-03
833	-9.200000e-01	-9.341949e-01	1.957667e-03
834	-9.200000e-01	-9.341778e-01	1.955392e-03
835	-9.200000e-01	-9.341609e-01	1.953123e-03
836	-9.200000e-01	-9.341439e-01	1.950858e-03
837	-9.200000e-01	-9.341270e-01	1.948599e-03
838	-9.200000e-01	-9.341102e-01	1.946346e-03
839	-9.200000e-01	-9.340933e-01	1.944097e-03
840	-9.200000e-01	-9.340766e-01	1.941854e-03
841	-9.200000e-01	-9.340598e-01	1.939616e-03
842	-9.200000e-01	-9.340431e-01	1.937383e-03
843	-9.200000e-01	-9.340265e-01	1.935155e-03
844	-8.525490e-01	-9.339299e-01	1.935270e-03
845	-8.400000e-01	-9.338188e-01	1.936172e-03
846	-8.400000e-01	-9.337079e-01	1.937059e-03
847	-9.121569e-01	-9.336824e-01	1.934938e-03
848	-9.200000e-01	-9.336663e-01	1.932722e-03
849	-9.200000e-01	-9.336502e-01	1.930512e-03
850	-9.200000e-01	-9.336341e-01	1.928306e-03
851	-9.200000e-01	-9.336181e-01	1.926105e-03
852	-9.200000e-01	-9.336021e-01	1.923910e-03
853	-9.200000e-01	-9.335862e-01	1.921719e-03
854	-9.200000e-01	-9.335703e-01	1.919533e-03
855	-9.200000e-01	-9.335544e-01	1.917353e-03
856	-9.200000e-01	-9.335386e-01	1.915177e-03
857	-9.200000e-01	-9.335228e-01	1.913006e-03
858	-9.200000e-01	-9.335070e-01	1.910840e-03
859	-9.200000e-01	-9.334913e-01	1.908679e-03
860	-9.200000e-01	-9.334756e-01	1.906523e-03
861	-9.200000e-01	-9.334600e-01	1.904372e-03
862	-9.200000e-01	-9.334443e-01	1.902225e-03
863	-9.200000e-01	-9.334288e-01	1.900084e-03
864	-9.200000e-01	-9.334132e-01	1.897947e-03
865	-9.200000e-01	-9.333977e-01	1.895815e-03
866	-8.556863e-01	-9.333080e-01	1.895750e-03
867	-8.886275e-01	-9.332564e-01	1.894263e-03
868	-9.200000e-01	-9.332412e-01	1.892141e-03
869	-8.980392e-01	-9.332007e-01	1.890396e-03
870	-8.760784e-01	-9.331350e-01	1.889363e-03
871	-9.200000e-01	-9.331199e-01	1.887253e-03
872	-9.200000e-01	-9.331049e-01	1.885148e-03
873	-9.200000e-01	-9.330899e-01	1.883047e-03
874	-9.200000e-01	-9.330749e-01	1.880951e-03
875	-9.200000e-01	-9.330599e-01	1.878859e-03
876	-9.200000e-01	-9.330450e-01	1.876773e-03
877	-9.200000e-01	-9.330302e-01	1.874690e-03
878	-9.200000e-01	-9.330153e-01	1.872613e-03
879	-9.200000e-01	-9.330005e-01	1.870540e-03
880	-9.200000e-01	-9.329857e-01	1.868471e-03
881	-9.200000e-01	-9.329710e-01	1.866408e-03
882	-9.200000e-01	-9.329563e-01	1.864348e-03
883	-9.200000e-01	-9.329416e-01	1.862293e-03
884	-9.200000e-01	-9.329270e-01	1.860243e-03
885	-9.200000e-01	-9.329124e-01	1.858197e-03
886	-9.200000e-01	-9.328978e-01	1.856156e-03
887	-9.200000e-01	-9.328833e-01	1.854119e-03
888	-9.200000e-01	-9.328688e-01	1.852087e-03
889	-9.200000e-01	-9.328543e-01	1.850059e-03
890	-9.200000e-01	-9.328398e-01	1.848036e-03
891	-9.200000e-01	-9.328254e-01	1.846017e-03
892	-9.200000e-01	-9.328110e-01	1.844002e-03
893	-9.152941e-01	-9.327914e-01	1.842040e-03
894	-9.200000e-01	-9.327771e-01	1.840034e-03
895	-9.200000e-01	-9.327628e-01	1.838033e-03
896	-9.200000e-01	-9.327486e-01	1.836036e-03
897	-9.200000e-01	-9.327344e-01	1.834043e-03
898	-9.200000e-01	-9.327202e-01	1.832054e-03
899	-9.200000e-01	-9.327061e-01	1.830070e-03
900	-9.200000e-01	-9.326919e-01	1.828090e-03
901	-9.200000e-01	-9.326779e-01	1.826114e-03
902	-8.431373e-01	-9.325786e-01	1.826787e-03
903	-8.400000e-01	-9.324761e-01	1.827641e-03
904	-8.400000e-01	-9.323738e-01	1.828482e-03
905	-9.137255e-01	-9.323532e-01	1.826577e-03
906	-9.200000e-01	-9.323395e-01	1.824611e-03
907	-8.917647e-01	-9.322948e-01	1.823147e-03
908	-9.200000e-01	-9.322812e-01	1.821188e-03
909	-9.011765e-01	-9.322470e-01	1.819505e-03
910	-9.200000e-01	-9.322336e-01	1.817555e-03
911	-9.200000e-01	-9.322201e-01	1.815608e-03
912	-9.200000e-01	-9.322067e-01	1.813666e-03
913	-9.200000e-01	-9.321934e-01	1.811727e-03
914	-9.200000e-01	-9.321800e-01	1.809793e-03
915	-9.200000e-01	-9.321667e-01	1.807863e-03
916	-9.200000e-01	-9.321534e-01	1.805937e-03
917	-9.200000e-01	-9.321402e-01	1.804016e-03
918	-9.200000e-01	-9.321270e-01	1.802098e-03
919	-9.200000e-01	-9.321138e-01	1.800184e-03
920	-9.200000e-01	-9.321006e-01	1.798275e-03
921	-9.200000e-01	-9.320875e-01	1.796369e-03
922	-9.200000e-01	-9.320743e-01	1.794468e-03
923	-9.200000e-01	-9.320613e-01	1.792570e-03
924	-9.200000e-01	-9.320482e-01	1.790677e-03
925	-9.200000e-01	-9.320352e-01	1.788787e-03
926	-9.200000e-01	-9.320222e-01	1.786902e-03
927	-9.200000e-01	-9.320092e-01	1.785020e-03
928	-9.200000e-01	-9.319963e-01	1.783142e-03
929	-9.200000e-01	-9.319834e-01	1.781269e-03
930	-9.121569e-01	-9.319620e-01	1.779480e-03
931	-8.305882e-01	-9.318532e-01	1.780900e-03
932	-7.929412e-01	-9.317041e-01	1.785221e-03
933	-8.400000e-01	-9.316058e-01	1.786013e-03
934	-8.400000e-01	-9.315077e-01	1.786793e-03
935	-8.462745e-01	-9.314166e-01	1.787208e-03
936	-9.200000e-01	-9.314044e-01	1.785339e-03
937	-9.200000e-01	-9.313922e-01	1.783474e-03
938	-9.200000e-01	-9.313801e-01	1.781613e-03
939	-8.823529e-01	-9.313279e-01	1.780480e-03
940	-9.200000e-01	-9.313158e-01	1.778626e-03
941	-9.200000e-01	-9.313038e-01	1.776776e-03
942	-9.200000e-01	-9.312918e-01	1.774929e-03
943	-9.200000e-01	-9.312798e-01	1.773086e-03
944	-9.200000e-01	-9.312679e-01	1.771247e-03
945	-9.200000e-01	-9.312559e-01	1.769412e-03
946	-9.200000e-01	-9.312440e-01	1.767581e-03
947	-9.200000e-01	-9.312322e-01	1.765753e-03
948	-9.200000e-01	-9.312203e-01	1.763929e-03
949	-9.200000e-01	-9.312085e-01	1.762109e-03
950	-9.200000e-01	-9.311967e-01	1.760293e-03
951	-9.200000e-01	-9.311849e-01	1.758481e-03
952	-9.200000e-01	-9.311732e-01	1.756672e-03
953	-9.200000e-01	-9.311615e-01	1.754867e-03
954	-9.200000e-01	-9.311498e-01	1.753065e-03
955	-9.200000e-01	-9.311381e-01	1.751268e-03
956	-9.200000e-01	-9.311264e-01	1.749473e-03
957	-8.541176e-01	-9.310460e-01	1.749496e-03
958	-8.666667e-01	-9.309788e-01	1.748960e-03
959	-9.200000e-01	-9.309673e-01	1.747173e-03
960	-9.200000e-01	-9.309559e-01	1.745390e-03
961	-9.200000e-01	-9.309445e-01	1.743610e-03
962	-9.200000e-01	-9.309331e-01	1.741834e-03
963	-9.200000e-01	-9.309218e-01	1.740061e-03
964	-9.200000e-01	-9.309104e-01	1.738292e-03
965	-9.200000e-01	-9.308991e-01	1.736526e-03
966	-9.200000e-01	-9.308878e-01	1.734764e-03
967	-9.200000e-01	-9.308766e-01	1.733006e-03
968	-9.200000e-01	-9.308653e-01	1.731251e-03
969	-9.200000e-01	-9.308541e-01	1.729500e-03
970	-9.200000e-01	-9.308429e-01	1.727753e-03
971	-9.200000e-01	-9.308318e-01	1.726008e-03
972	-8.792157e-01	-9.307787e-01	1.725049e-03
973	-7.725490e-01	-9.306160e-01	1.730931e-03
974	-8.133333e-01	-9.304956e-01	1.733341e-03
975	-9.074510e-01	-9.304720e-01	1.731724e-03
976	-9.200000e-01	-9.304613e-01	1.729982e-03
977	-9.200000e-01	-9.304506e-01	1.728243e-03
978	-9.200000e-01	-9.304399e-01	1.726508e-03
979	-8.807843e-01	-9.303892e-01	1.725489e-03
980	-8.462745e-01	-9.303033e-01	1.725863e-03
981	-9.200000e-01	-9.302928e-01	1.724135e-03
982	-9.200000e-01	-9.302823e-01	1.722410e-03
983	-9.200000e-01	-9.302719e-01	1.720689e-03
984	-9.200000e-01	-9.302614e-01	1.718971e-03
985	-9.200000e-01	-9.302510e-01	1.717257e-03
986	-9.200000e-01	-9.302406e-01	1.715546e-03
987	-9.200000e-01	-9.302302e-01	1.713838e-03
988	-9.200000e-01	-9.302199e-01	1.712134e-03
989	-9.200000e-01	-9.302096e-01	1.710433e-03
990	-9.200000e-01	-9.301992e-01	1.708736e-03
991	-9.325490e-01	-9.302016e-01	1.707012e-03
992	-1.000000e+00	-9.302720e-01	1.706742e-03
993	-1.000000e+00	-9.303422e-01	1.706467e-03
994	-9.858824e-01	-9.303981e-01	1.705665e-03
995	-1.000000e+00	-9.304680e-01	1.705385e-03
996	-1.000000e+00	-9.305378e-01	1.705102e-03
997	-1.000000e+00	-9.306075e-01	1.704815e-03
998	-1.000000e+00	-9.306770e-01	1.704525e-03
999	-1.000000e+00	-9.307464e-01	1.704231e-03
1000	-9.968627e-01	-9.308125e-01	1.703809e-03
