1	-1.002411e+00	-1.002411e+00	0.000000e+00
2	-1.004447e+00	-1.003429e+00	1.017808e-03
3	-1.002527e+00	-1.003128e+00	6.600262e-04
4	-1.002013e+00	-1.002849e+00	5.436992e-04
5	-1.005002e+00	-1.003280e+00	6.022086e-04
6	-1.004881e+00	-1.003547e+00	5.594200e-04
7	-1.005145e+00	-1.003775e+00	5.250651e-04
8	-1.003636e+00	-1.003758e+00	4.550513e-04
9	-1.004393e+00	-1.003828e+00	4.074786e-04
10	-1.003747e+00	-1.003820e+00	3.645511e-04
11	-1.002508e+00	-1.003701e+00	3.506531e-04
12	-1.004874e+00	-1.003799e+00	3.346998e-04
13	-1.003150e+00	-1.003749e+00	3.118949e-04
14	-1.005024e+00	-1.003840e+00	3.027846e-04
15	-1.002652e+00	-1.003761e+00	2.927873e-04
16	-1.003062e+00	-1.003717e+00	2.773344e-04
17	-1.003083e+00	-1.003680e+00	2.631633e-04
18	-1.005175e+00	-1.003763e+00	2.616510e-04
19	-1.003666e+00	-1.003758e+00	2.475497e-04
20	-1.006641e+00	-1.003902e+00	2.755650e-04
21	-1.003318e+00	-1.003874e+00	2.635838e-04
22	-1.005974e+00	-1.003969e+00	2.688277e-04
23	-1.001301e+00	-1.003853e+00	2.818564e-04
24	-1.002539e+00	-1.003799e+00	2.753622e-04
25	-1.005408e+00	-1.003863e+00	2.718520e-04
26	-9.998619e-01	-1.003709e+00	3.031517e-04
27	-1.003072e+00	-1.003686e+00	2.926609e-04
28	-1.001749e+00	-1.003616e+00	2.903750e-04
29	-1.005089e+00	-1.003667e+00	2.847454e-04
30	-1.003967e+00	-1.003677e+00	2.752713e-04
31	-1.003575e+00	-1.003674e+00	2.662638e-04
32	-1.003123e+00	-1.003657e+00	2.583837e-04
33	-1.003357e+00	-1.003648e+00	2.505955e-04
34	-1.003956e+00	-1.003657e+00	2.432829e-04
35	-1.004729e+00	-1.003687e+00	2.382091e-04
36	-1.002713e+00	-1.003660e+00	2.330749e-04
37	-1.001555e+00	-1.003603e+00	2.337163e-04
38	-1.005313e+00	-1.003648e+00	2.318907e-04
39	-1.005338e+00	-1.003692e+00	2.299850e-04
40	-1.004749e+00	-1.003718e+00	2.257159e-04
41	-1.003433e+00	-1.003711e+00	2.202516e-04
42	-1.002939e+00	-1.003693e+00	2.157287e-04
43	-1.001541e+00	-1.003643e+00	2.165151e-04
44	-1.005275e+00	-1.003680e+00	2.147636e-04
45	-1.004991e+00	-1.003709e+00	2.119499e-04
46	-1.004728e+00	-1.003731e+00	2.084717e-04
47	-1.005197e+00	-1.003762e+00	2.063600e-04
48	-1.002609e+00	-1.003738e+00	2.034381e-04
49	-1.005666e+00	-1.003778e+00	2.030911e-04
50	-1.003300e+00	-1.003768e+00	1.992171e-04
51	-1.004189e+00	-1.003776e+00	1.954459e-04
52	-1.006122e+00	-1.003821e+00	1.968896e-04
53	-1.005178e+00	-1.003847e+00	1.948272e-04
54	-1.001169e+00	-1.003797e+00	1.975138e-04
55	-1.004363e+00	-1.003808e+00	1.941615e-04
56	-1.003708e+00	-1.003806e+00	1.906710e-04
57	-1.006208e+00	-1.003848e+00	1.919798e-04
58	-1.004831e+00	-1.003865e+00	1.894007e-04
59	-1.005506e+00	-1.003893e+00	1.882282e-04
60	-1.001829e+00	-1.003858e+00	1.882353e-04
61	-1.003844e+00	-1.003858e+00	1.851239e-04
62	-1.001565e+00	-1.003821e+00	1.858330e-04
63	-1.000439e+00	-1.003768e+00	1.905781e-04
64	-1.002528e+00	-1.003748e+00	1.885736e-04
65	-1.002655e+00	-1.003731e+00	1.864096e-04
66	-1.004135e+00	-1.003737e+00	1.836656e-04
67	-1.004202e+00	-1.003744e+00	1.810361e-04
68	-1.005440e+00	-1.003769e+00	1.800880e-04
69	-1.004161e+00	-1.003775e+00	1.775495e-04
70	-1.005134e+00	-1.003794e+00	1.760676e-04
71	-1.002150e+00	-1.003771e+00	1.751076e-04
72	-1.004168e+00	-1.003777e+00	1.727462e-04
73	-1.004193e+00	-1.003782e+00	1.704587e-04
74	-1.003143e+00	-1.003774e+00	1.683613e-04
75	-1.003329e+00	-1.003768e+00	1.662074e-04
76	-1.002277e+00	-1.003748e+00	1.651755e-04
77	-1.005392e+00	-1.003770e+00	1.644086e-04
78	-1.003022e+00	-1.003760e+00	1.625698e-04
79	-1.003011e+00	-1.003751e+00	1.607784e-04
80	-1.003267e+00	-1.003744e+00	1.588709e-04
81	-1.004926e+00	-1.003759e+00	1.575743e-04
82	-1.000099e+00	-1.003714e+00	1.619137e-04
83	-1.005178e+00	-1.003732e+00	1.609199e-04
84	-1.002708e+00	-1.003720e+00	1.594594e-04
85	-1.002757e+00	-1.003709e+00	1.579788e-04
86	-1.004452e+00	-1.003717e+00	1.563700e-04
87	-1.004109e+00	-1.003722e+00	1.546276e-04
88	-1.003534e+00	-1.003720e+00	1.528753e-04
89	-1.003969e+00	-1.003722e+00	1.511738e-04
90	-1.003706e+00	-1.003722e+00	1.494848e-04
91	-1.005645e+00	-1.003743e+00	1.493350e-04
92	-1.004379e+00	-1.003750e+00	1.478642e-04
93	-1.002351e+00	-1.003735e+00	1.470372e-04
94	-1.002576e+00	-1.003723e+00	1.459864e-04
95	-1.002353e+00	-1.003708e+00	1.451599e-04
96	-1.001626e+00	-1.003687e+00	1.452690e-04
97	-1.006068e+00	-1.003711e+00	1.458453e-04
98	-1.002871e+00	-1.003703e+00	1.446039e-04
99	-1.002903e+00	-1.003695e+00	1.433638e-04
100	-1.006211e+00	-1.003720e+00	1.441371e-04
1	-9.375996e-01	-9.375996e-01	0.000000e+00
2	-9.406528e-01	-9.391262e-01	1.526644e-03
3	-9.401344e-01	-9.394623e-01	9.433020e-04
4	-9.375392e-01	-9.389815e-01	8.222178e-04
5	-9.421677e-01	-9.396187e-01	9.009451e-04
6	-9.364253e-01	-9.390865e-01	9.079719e-04
7	-9.356883e-01	-9.386010e-01	9.080381e-04
8	-9.374647e-01	-9.384590e-01	7.991095e-04
9	-9.376500e-01	-9.383691e-01	7.104571e-04
10	-9.383730e-01	-9.383695e-01	6.354523e-04
11	-9.405682e-01	-9.385694e-01	6.085499e-04
12	-9.355560e-01	-9.383183e-01	6.096487e-04
13	-9.413058e-01	-9.385481e-01	6.060578e-04
14	-9.400799e-01	-9.386575e-01	5.716689e-04
15	-9.359130e-01	-9.384745e-01	5.627676e-04
16	-9.397528e-01	-9.385544e-01	5.324487e-04
17	-9.398952e-01	-9.386333e-01	5.063291e-04
18	-9.416490e-01	-9.388008e-01	5.059179e-04
19	-9.406628e-01	-9.388988e-01	4.884813e-04
20	-9.394112e-01	-9.389244e-01	4.641217e-04
21	-9.410339e-01	-9.390249e-01	4.527512e-04
22	-9.403621e-01	-9.390857e-01	4.359398e-04
23	-9.392345e-01	-9.390921e-01	4.166051e-04
24	-9.383312e-01	-9.390604e-01	4.001273e-04
25	-9.386433e-01	-9.390438e-01	3.841512e-04
26	-9.385101e-01	-9.390232e-01	3.696507e-04
27	-9.369552e-01	-9.389466e-01	3.638501e-04
28	-9.392860e-01	-9.389588e-01	3.508241e-04
29	-9.397731e-01	-9.389868e-01	3.396734e-04
30	-9.371824e-01	-9.389267e-01	3.336222e-04
31	-9.397937e-01	-9.389547e-01	3.238906e-04
32	-9.419691e-01	-9.390489e-01	3.274484e-04
33	-9.386900e-01	-9.390380e-01	3.175569e-04
34	-9.426387e-01	-9.391439e-01	3.257701e-04
35	-9.392984e-01	-9.391483e-01	3.163563e-04
36	-9.372513e-01	-9.390956e-01	3.119261e-04
37	-9.393795e-01	-9.391033e-01	3.034756e-04
38	-9.369581e-01	-9.390468e-01	3.007273e-04
39	-9.398575e-01	-9.390676e-01	2.936515e-04
40	-9.362446e-01	-9.389970e-01	2.947890e-04
41	-9.401388e-01	-9.390249e-01	2.888547e-04
42	-9.401830e-01	-9.390525e-01	2.832387e-04
43	-9.397235e-01	-9.390681e-01	2.770133e-04
44	-9.382647e-01	-9.390498e-01	2.712595e-04
45	-9.362066e-01	-9.389866e-01	2.725865e-04
46	-9.363517e-01	-9.389293e-01	2.726791e-04
47	-9.386255e-01	-9.389229e-01	2.668927e-04
48	-9.396464e-01	-9.389380e-01	2.617077e-04
49	-9.381708e-01	-9.389223e-01	2.567888e-04
50	-9.393754e-01	-9.389314e-01	2.517638e-04
51	-9.404872e-01	-9.389619e-01	2.486563e-04
52	-9.402442e-01	-9.389865e-01	2.450714e-04
53	-9.410113e-01	-9.390247e-01	2.434195e-04
54	-9.385958e-01	-9.390168e-01	2.390012e-04
55	-9.376840e-01	-9.389926e-01	2.358637e-04
56	-9.388877e-01	-9.389907e-01	2.316211e-04
57	-9.380571e-01	-9.389743e-01	2.281100e-04
58	-9.419713e-01	-9.390260e-01	2.300215e-04
59	-9.402320e-01	-9.390464e-01	2.270115e-04
60	-9.420262e-01	-9.390961e-01	2.286542e-04
61	-9.428423e-01	-9.391575e-01	2.331097e-04
62	-9.391956e-01	-9.391581e-01	2.293199e-04
63	-9.372994e-01	-9.391286e-01	2.275711e-04
64	-9.414576e-01	-9.391650e-01	2.269239e-04
65	-9.391573e-01	-9.391649e-01	2.234055e-04
66	-9.422308e-01	-9.392113e-01	2.248454e-04
67	-9.400647e-01	-9.392241e-01	2.218300e-04
68	-9.372857e-01	-9.391956e-01	2.203946e-04
69	-9.361884e-01	-9.391520e-01	2.215069e-04
70	-9.437005e-01	-9.392170e-01	2.277841e-04
71	-9.411195e-01	-9.392438e-01	2.261461e-04
72	-9.356930e-01	-9.391944e-01	2.283714e-04
73	-9.436346e-01	-9.392553e-01	2.332900e-04
74	-9.401236e-01	-9.392670e-01	2.304149e-04
75	-9.390331e-01	-9.392639e-01	2.273433e-04
76	-9.397797e-01	-9.392707e-01	2.244346e-04
77	-9.415550e-01	-9.393003e-01	2.234786e-04
78	-9.412863e-01	-9.393258e-01	2.220595e-04
79	-9.386617e-01	-9.393174e-01	2.193917e-04
80	-9.425235e-01	-9.393575e-01	2.203078e-04
81	-9.399165e-01	-9.393644e-01	2.176804e-04
82	-9.362075e-01	-9.393259e-01	2.184288e-04
83	-9.421356e-01	-9.393597e-01	2.184204e-04
84	-9.383336e-01	-9.393475e-01	2.161499e-04
85	-9.381649e-01	-9.393336e-01	2.140445e-04
86	-9.377114e-01	-9.393147e-01	2.123803e-04
87	-9.373849e-01	-9.392925e-01	2.110936e-04
88	-9.402450e-01	-9.393034e-01	2.089615e-04
89	-9.368840e-01	-9.392762e-01	2.083810e-04
90	-9.396265e-01	-9.392801e-01	2.060894e-04
91	-9.388100e-01	-9.392749e-01	2.038776e-04
92	-9.386877e-01	-9.392685e-01	2.017503e-04
93	-9.397609e-01	-9.392738e-01	1.996394e-04
94	-9.398204e-01	-9.392796e-01	1.975897e-04
95	-9.431073e-01	-9.393199e-01	1.996074e-04
96	-9.385932e-01	-9.393124e-01	1.976622e-04
97	-9.369774e-01	-9.392883e-01	1.970894e-04
98	-9.404116e-01	-9.392998e-01	1.954044e-04
99	-9.371376e-01	-9.392779e-01	1.946497e-04
100	-9.381098e-01	-9.392662e-01	1.930471e-04
1	-8.608926e-01	-8.608926e-01	0.000000e+00
2	-8.622936e-01	-8.615931e-01	7.004800e-04
3	-8.604791e-01	-8.612218e-01	5.490553e-04
4	-8.611226e-01	-8.611970e-01	3.890314e-04
5	-8.638221e-01	-8.617220e-01	6.053577e-04
6	-8.623570e-01	-8.618278e-01	5.054763e-04
7	-8.598827e-01	-8.615500e-01	5.096267e-04
8	-8.624685e-01	-8.616648e-01	4.560393e-04
9	-8.599286e-01	-8.614719e-01	4.460583e-04
10	-8.635296e-01	-8.616776e-01	4.489068e-04
11	-8.631925e-01	-8.618154e-01	4.287701e-04
12	-8.610566e-01	-8.617521e-01	3.964859e-04
13	-8.601877e-01	-8.616318e-01	3.840556e-04
14	-8.633580e-01	-8.617551e-01	3.763392e-04
15	-8.620206e-01	-8.617728e-01	3.507994e-04
16	-8.610484e-01	-8.617275e-01	3.312518e-04
17	-8.628360e-01	-8.617927e-01	3.179149e-04
18	-8.613296e-01	-8.617670e-01	3.008354e-04
19	-8.618875e-01	-8.617733e-01	2.846325e-04
20	-8.601695e-01	-8.616931e-01	2.816824e-04
21	-8.591306e-01	-8.615711e-01	2.944124e-04
22	-8.611902e-01	-8.615538e-01	2.812447e-04
23	-8.596243e-01	-8.614699e-01	2.815283e-04
24	-8.617066e-01	-8.614798e-01	2.697233e-04
25	-8.611056e-01	-8.614648e-01	2.591420e-04
26	-8.615262e-01	-8.614672e-01	2.489867e-04
27	-8.625564e-01	-8.615075e-01	2.429605e-04
28	-8.612983e-01	-8.615000e-01	2.342418e-04
29	-8.633071e-01	-8.615623e-01	2.344525e-04
30	-8.628971e-01	-8.616068e-01	2.308312e-04
31	-8.619722e-01	-8.616186e-01	2.235718e-04
32	-8.622404e-01	-8.616381e-01	2.173428e-04
33	-8.601487e-01	-8.615929e-01	2.154343e-04
34	-8.628681e-01	-8.616304e-01	2.123403e-04
35	-8.586163e-01	-8.615443e-01	2.234461e-04
36	-8.605266e-01	-8.615160e-01	2.189829e-04
37	-8.609371e-01	-8.615004e-01	2.135561e-04
38	-8.624881e-01	-8.615264e-01	2.094789e-04
39	-8.612939e-01	-8.615204e-01	2.041240e-04
40	-8.619413e-01	-8.615309e-01	1.992335e-04
41	-8.612884e-01	-8.615250e-01	1.944034e-04
42	-8.627273e-01	-8.615537e-01	1.918656e-04
43	-8.613583e-01	-8.615491e-01	1.874055e-04
44	-8.607480e-01	-8.615309e-01	1.839999e-04
45	-8.603822e-01	-8.615054e-01	1.816668e-04
46	-8.598740e-01	-8.614699e-01	1.811786e-04
47	-8.600349e-01	-8.614394e-01	1.798917e-04
48	-8.603488e-01	-8.614167e-01	1.775636e-04
49	-8.603270e-01	-8.613944e-01	1.753181e-04
50	-8.596921e-01	-8.613604e-01	1.751176e-04
51	-8.619663e-01	-8.613723e-01	1.720603e-04
52	-8.605988e-01	-8.613574e-01	1.693734e-04
53	-8.614554e-01	-8.613592e-01	1.661572e-04
54	-8.612266e-01	-8.613568e-01	1.630697e-04
55	-8.629197e-01	-8.613852e-01	1.625801e-04
56	-8.604691e-01	-8.613688e-01	1.604864e-04
57	-8.601951e-01	-8.613482e-01	1.589848e-04
58	-8.619946e-01	-8.613594e-01	1.566166e-04
59	-8.625174e-01	-8.613790e-01	1.551855e-04
60	-8.618419e-01	-8.613867e-01	1.527720e-04
61	-8.614804e-01	-8.613883e-01	1.502546e-04
62	-8.640286e-01	-8.614309e-01	1.538237e-04
63	-8.605385e-01	-8.614167e-01	1.520237e-04
64	-8.635880e-01	-8.614506e-01	1.534277e-04
65	-8.604596e-01	-8.614354e-01	1.518164e-04
66	-8.615995e-01	-8.614379e-01	1.495191e-04
67	-8.616501e-01	-8.614410e-01	1.473047e-04
68	-8.597857e-01	-8.614167e-01	1.471497e-04
69	-8.593487e-01	-8.613867e-01	1.480665e-04
70	-8.590924e-01	-8.613539e-01	1.495712e-04
71	-8.632639e-01	-8.613808e-01	1.498834e-04
72	-8.619738e-01	-8.613891e-01	1.480163e-04
73	-8.606442e-01	-8.613789e-01	1.463308e-04
74	-8.601248e-01	-8.613619e-01	1.453313e-04
75	-8.611412e-01	-8.613590e-01	1.434107e-04
76	-8.618545e-01	-8.613655e-01	1.416612e-04
77	-8.592700e-01	-8.613383e-01	1.424335e-04
78	-8.614547e-01	-8.613398e-01	1.406035e-04
79	-8.596286e-01	-8.613181e-01	1.404920e-04
80	-8.630887e-01	-8.613402e-01	1.404792e-04
81	-8.614451e-01	-8.613415e-01	1.387401e-04
82	-8.634214e-01	-8.613669e-01	1.393654e-04
83	-8.586891e-01	-8.613346e-01	1.414056e-04
84	-8.595474e-01	-8.613134e-01	1.413229e-04
85	-8.611211e-01	-8.613111e-01	1.396687e-04
86	-8.599123e-01	-8.612948e-01	1.389901e-04
87	-8.618729e-01	-8.613015e-01	1.375438e-04
88	-8.593897e-01	-8.612798e-01	1.376964e-04
89	-8.591530e-01	-8.612559e-01	1.382218e-04
90	-8.614054e-01	-8.612575e-01	1.366874e-04
91	-8.601989e-01	-8.612459e-01	1.356766e-04
92	-8.613249e-01	-8.612468e-01	1.341965e-04
93	-8.622170e-01	-8.612572e-01	1.331550e-04
94	-8.616904e-01	-8.612618e-01	1.318115e-04
95	-8.625484e-01	-8.612753e-01	1.311179e-04
96	-8.614622e-01	-8.612773e-01	1.297595e-04
97	-8.593758e-01	-8.612577e-01	1.299024e-04
98	-8.627973e-01	-8.612734e-01	1.295263e-04
99	-8.612272e-01	-8.612729e-01	1.282121e-04
100	-8.590570e-01	-8.612508e-01	1.288434e-04
1	-7.901942e-01	-7.901942e-01	0.000000e+00
2	-7.896382e-01	-7.899162e-01	2.780000e-04
3	-7.900159e-01	-7.899494e-01	1.639098e-04
4	-7.889218e-01	-7.896925e-01	2.818445e-04
5	-7.908891e-01	-7.899318e-01	3.239433e-04
6	-7.894303e-01	-7.898482e-01	2.773904e-04
7	-7.883292e-01	-7.896312e-01	3.194532e-04
8	-7.895707e-01	-7.896237e-01	2.767581e-04
9	-7.897883e-01	-7.896420e-01	2.447621e-04
10	-7.897060e-01	-7.896484e-01	2.190154e-04
11	-7.899900e-01	-7.896794e-01	2.005260e-04
12	-7.895812e-01	-7.896712e-01	1.832371e-04
13	-7.889337e-01	-7.896145e-01	1.778455e-04
14	-7.915972e-01	-7.897561e-01	2.171802e-04
15	-7.901728e-01	-7.897839e-01	2.040835e-04
16	-7.884267e-01	-7.896991e-01	2.089009e-04
17	-7.902086e-01	-7.897290e-01	1.985044e-04
18	-7.892386e-01	-7.897018e-01	1.891245e-04
19	-7.915387e-01	-7.897985e-01	2.033462e-04
20	-7.902096e-01	-7.898190e-01	1.940033e-04
21	-7.896439e-01	-7.898107e-01	1.847224e-04
22	-7.885406e-01	-7.897530e-01	1.853465e-04
23	-7.898624e-01	-7.897577e-01	1.771686e-04
24	-7.902439e-01	-7.897780e-01	1.708313e-04
25	-7.886645e-01	-7.897334e-01	1.698008e-04
26	-7.893148e-01	-7.897173e-01	1.639321e-04
27	-7.903094e-01	-7.897393e-01	1.592605e-04
28	-7.888870e-01	-7.897088e-01	1.564566e-04
29	-7.911605e-01	-7.897589e-01	1.590477e-04
30	-7.906773e-01	-7.897895e-01	1.566750e-04
31	-7.903572e-01	-7.898078e-01	1.526391e-04
32	-7.900454e-01	-7.898152e-01	1.479787e-04
33	-7.889241e-01	-7.897882e-01	1.459445e-04
34	-7.903430e-01	-7.898046e-01	1.425242e-04
35	-7.886999e-01	-7.897730e-01	1.419457e-04
36	-7.894074e-01	-7.897628e-01	1.383197e-04
37	-7.903672e-01	-7.897792e-01	1.355175e-04
38	-7.890486e-01	-7.897599e-01	1.332967e-04
39	-7.887935e-01	-7.897352e-01	1.321776e-04
40	-7.888302e-01	-7.897125e-01	1.308024e-04
41	-7.899108e-01	-7.897174e-01	1.276639e-04
42	-7.905235e-01	-7.897366e-01	1.260569e-04
43	-7.896651e-01	-7.897349e-01	1.231016e-04
44	-7.905513e-01	-7.897535e-01	1.216942e-04
45	-7.891200e-01	-7.897394e-01	1.197892e-04
46	-7.894571e-01	-7.897332e-01	1.173168e-04
47	-7.910169e-01	-7.897606e-01	1.179979e-04
48	-7.894535e-01	-7.897542e-01	1.156904e-04
49	-7.901321e-01	-7.897619e-01	1.135670e-04
50	-7.905701e-01	-7.897780e-01	1.124406e-04
51	-7.899789e-01	-7.897820e-01	1.102841e-04
52	-7.918934e-01	-7.898226e-01	1.155141e-04
53	-7.899292e-01	-7.898246e-01	1.133315e-04
54	-7.902250e-01	-7.898320e-01	1.114599e-04
55	-7.901669e-01	-7.898381e-01	1.095839e-04
56	-7.898820e-01	-7.898389e-01	1.076121e-04
57	-7.901760e-01	-7.898448e-01	1.058726e-04
58	-7.898790e-01	-7.898454e-01	1.040329e-04
59	-7.891380e-01	-7.898334e-01	1.029549e-04
60	-7.893073e-01	-7.898246e-01	1.016035e-04
61	-7.884628e-01	-7.898023e-01	1.023877e-04
62	-7.908001e-01	-7.898184e-01	1.020003e-04
63	-7.896021e-01	-7.898150e-01	1.004269e-04
64	-7.904704e-01	-7.898252e-01	9.937438e-05
65	-7.889903e-01	-7.898124e-01	9.867311e-05
66	-7.897564e-01	-7.898115e-01	9.717025e-05
67	-7.892627e-01	-7.898033e-01	9.605886e-05
68	-7.912389e-01	-7.898244e-01	9.696192e-05
69	-7.885495e-01	-7.898060e-01	9.731645e-05
70	-7.903007e-01	-7.898130e-01	9.617614e-05
71	-7.894385e-01	-7.898077e-01	9.495847e-05
72	-7.918005e-01	-7.898354e-01	9.763524e-05
73	-7.891375e-01	-7.898259e-01	9.676202e-05
74	-7.896448e-01	-7.898234e-01	9.547681e-05
75	-7.904585e-01	-7.898319e-01	9.457508e-05
76	-7.878609e-01	-7.898060e-01	9.685902e-05
77	-7.898895e-01	-7.898070e-01	9.559899e-05
78	-7.886789e-01	-7.897926e-01	9.546729e-05
79	-7.897764e-01	-7.897924e-01	9.425132e-05
80	-7.907251e-01	-7.898040e-01	9.379326e-05
81	-7.882009e-01	-7.897842e-01	9.471903e-05
82	-7.900526e-01	-7.897875e-01	9.361403e-05
83	-7.911178e-01	-7.898035e-01	9.385786e-05
84	-7.909949e-01	-7.898177e-01	9.381213e-05
85	-7.894155e-01	-7.898130e-01	9.282259e-05
86	-7.904733e-01	-7.898207e-01	9.205770e-05
87	-7.894232e-01	-7.898161e-01	9.110806e-05
88	-7.891859e-01	-7.898089e-01	9.035108e-05
89	-7.904726e-01	-7.898164e-01	8.964085e-05
90	-7.899884e-01	-7.898183e-01	8.865985e-05
91	-7.888886e-01	-7.898081e-01	8.827339e-05
92	-7.897380e-01	-7.898073e-01	8.731194e-05
93	-7.904785e-01	-7.898145e-01	8.666902e-05
94	-7.897556e-01	-7.898139e-01	8.574435e-05
95	-7.891153e-01	-7.898066e-01	8.515510e-05
96	-7.887480e-01	-7.897955e-01	8.498182e-05
97	-7.902667e-01	-7.898004e-01	8.424129e-05
98	-7.903353e-01	-7.898059e-01	8.355570e-05
99	-7.892741e-01	-7.898005e-01	8.288164e-05
100	-7.914702e-01	-7.898172e-01	8.373041e-05
1	-7.247544e-01	-7.247544e-01	0.000000e+00
2	-7.251514e-01	-7.249529e-01	1.984920e-04
3	-7.245792e-01	-7.248283e-01	1.692647e-04
4	-7.259542e-01	-7.251098e-01	3.058488e-04
5	-7.247689e-01	-7.250416e-01	2.465251e-04
6	-7.241935e-01	-7.249003e-01	2.459602e-04
7	-7.242916e-01	-7.248133e-01	2.253287e-04
8	-7.241188e-01	-7.247265e-01	2.135819e-04
9	-7.256442e-01	-7.248285e-01	2.141903e-04
10	-7.248758e-01	-7.248332e-01	1.916362e-04
11	-7.262748e-01	-7.249643e-01	2.173077e-04
12	-7.259153e-01	-7.250435e-01	2.136184e-04
13	-7.242914e-01	-7.249856e-01	2.048394e-04
14	-7.258982e-01	-7.250508e-01	2.005344e-04
15	-7.254871e-01	-7.250799e-01	1.889391e-04
16	-7.250974e-01	-7.250810e-01	1.767398e-04
17	-7.240244e-01	-7.250189e-01	1.772709e-04
18	-7.252002e-01	-7.250289e-01	1.674359e-04
19	-7.257776e-01	-7.250683e-01	1.632065e-04
20	-7.248830e-01	-7.250591e-01	1.551083e-04
21	-7.237576e-01	-7.249971e-01	1.600253e-04
22	-7.238319e-01	-7.249441e-01	1.615089e-04
23	-7.242735e-01	-7.249150e-01	1.570576e-04
24	-7.252140e-01	-7.249274e-01	1.508867e-04
25	-7.269209e-01	-7.250072e-01	1.652391e-04
26	-7.264209e-01	-7.250616e-01	1.678103e-04
27	-7.255634e-01	-7.250801e-01	1.625420e-04
28	-7.235816e-01	-7.250266e-01	1.655203e-04
29	-7.247667e-01	-7.250177e-01	1.599620e-04
30	-7.245443e-01	-7.250019e-01	1.553413e-04
31	-7.244255e-01	-7.249833e-01	1.513928e-04
32	-7.255640e-01	-7.250014e-01	1.477046e-04
33	-7.240088e-01	-7.249714e-01	1.462844e-04
34	-7.248484e-01	-7.249677e-01	1.419628e-04
35	-7.254992e-01	-7.249829e-01	1.386809e-04
36	-7.245077e-01	-7.249697e-01	1.354185e-04
37	-7.260784e-01	-7.249997e-01	1.350733e-04
38	-7.251229e-01	-7.250029e-01	1.315107e-04
39	-7.226749e-01	-7.249432e-01	1.413203e-04
40	-7.256444e-01	-7.249608e-01	1.388530e-04
41	-7.250983e-01	-7.249641e-01	1.354655e-04
42	-7.246647e-01	-7.249570e-01	1.323930e-04
43	-7.254498e-01	-7.249685e-01	1.297844e-04
44	-7.246288e-01	-7.249607e-01	1.270352e-04
45	-7.244366e-01	-7.249491e-01	1.247251e-04
46	-7.246825e-01	-7.249433e-01	1.221211e-04
47	-7.246984e-01	-7.249381e-01	1.196080e-04
48	-7.238995e-01	-7.249164e-01	1.190719e-04
49	-7.248952e-01	-7.249160e-01	1.166174e-04
50	-7.252840e-01	-7.249234e-01	1.144980e-04
51	-7.253922e-01	-7.249326e-01	1.126063e-04
52	-7.251239e-01	-7.249362e-01	1.104808e-04
53	-7.250284e-01	-7.249380e-01	1.083902e-04
54	-7.248670e-01	-7.249367e-01	1.063721e-04
55	-7.243139e-01	-7.249253e-01	1.050324e-04
56	-7.243940e-01	-7.249159e-01	1.035752e-04
57	-7.255264e-01	-7.249266e-01	1.023042e-04
58	-7.256597e-01	-7.249392e-01	1.013164e-04
59	-7.256752e-01	-7.249517e-01	1.003627e-04
60	-7.257611e-01	-7.249652e-01	9.959376e-05
61	-7.248761e-01	-7.249637e-01	9.795834e-05
62	-7.244156e-01	-7.249549e-01	9.677002e-05
63	-7.252346e-01	-7.249593e-01	9.532509e-05
64	-7.251164e-01	-7.249618e-01	9.385590e-05
65	-7.245400e-01	-7.249553e-01	9.262828e-05
66	-7.254980e-01	-7.249635e-01	9.158389e-05
67	-7.250163e-01	-7.249643e-01	9.021005e-05
68	-7.264628e-01	-7.249863e-01	9.156493e-05
69	-7.240129e-01	-7.249722e-01	9.132430e-05
70	-7.239558e-01	-7.249577e-01	9.117398e-05
71	-7.256196e-01	-7.249670e-01	9.036285e-05
72	-7.248486e-01	-7.249654e-01	8.911415e-05
73	-7.239068e-01	-7.249509e-01	8.907314e-05
74	-7.243957e-01	-7.249434e-01	8.818097e-05
75	-7.234889e-01	-7.249240e-01	8.913258e-05
76	-7.245928e-01	-7.249196e-01	8.805984e-05
77	-7.249513e-01	-7.249200e-01	8.690965e-05
78	-7.235401e-01	-7.249023e-01	8.759327e-05
79	-7.253682e-01	-7.249082e-01	8.667821e-05
80	-7.244688e-01	-7.249027e-01	8.576398e-05
81	-7.243841e-01	-7.248963e-01	8.494024e-05
82	-7.243951e-01	-7.248902e-01	8.412039e-05
83	-7.249353e-01	-7.248908e-01	8.310249e-05
84	-7.256236e-01	-7.248995e-01	8.256935e-05
85	-7.260960e-01	-7.249136e-01	8.279751e-05
86	-7.242387e-01	-7.249057e-01	8.220451e-05
87	-7.237814e-01	-7.248928e-01	8.227546e-05
88	-7.247448e-01	-7.248911e-01	8.135253e-05
89	-7.245367e-01	-7.248871e-01	8.053180e-05
90	-7.248402e-01	-7.248866e-01	7.963368e-05
91	-7.253953e-01	-7.248922e-01	7.895187e-05
92	-7.242431e-01	-7.248852e-01	7.840704e-05
93	-7.243596e-01	-7.248795e-01	7.776499e-05
94	-7.256297e-01	-7.248875e-01	7.734615e-05
95	-7.248882e-01	-7.248875e-01	7.652765e-05
96	-7.256016e-01	-7.248949e-01	7.609075e-05
97	-7.245052e-01	-7.248909e-01	7.540932e-05
98	-7.246631e-01	-7.248886e-01	7.467207e-05
99	-7.252728e-01	-7.248925e-01	7.401579e-05
100	-7.255189e-01	-7.248987e-01	7.353920e-05
1	-6.680027e-01	-6.680027e-01	0.000000e+00
2	-6.660032e-01	-6.670029e-01	9.997680e-04
3	-6.672926e-01	-6.670995e-01	5.852354e-04
4	-6.664319e-01	-6.669326e-01	4.462065e-04
5	-6.675465e-01	-6.670554e-01	3.667899e-04
6	-6.669797e-01	-6.670428e-01	2.997482e-04
7	-6.662886e-01	-6.669350e-01	2.752923e-04
8	-6.669333e-01	-6.669348e-01	2.384102e-04
9	-6.660464e-01	-6.668361e-01	2.322767e-04
10	-6.662504e-01	-6.667775e-01	2.158529e-04
11	-6.660883e-01	-6.667149e-01	2.050519e-04
12	-6.677616e-01	-6.668021e-01	2.065142e-04
13	-6.681597e-01	-6.669065e-01	2.167775e-04
14	-6.660704e-01	-6.668468e-01	2.093942e-04
15	-6.662695e-01	-6.668083e-01	1.986989e-04
16	-6.662379e-01	-6.667727e-01	1.892537e-04
17	-6.672775e-01	-6.668024e-01	1.802363e-04
18	-6.660778e-01	-6.667621e-01	1.746304e-04
19	-6.673420e-01	-6.667926e-01	1.679796e-04
20	-6.664727e-01	-6.667766e-01	1.601600e-04
21	-6.670196e-01	-6.667882e-01	1.527813e-04
22	-6.664219e-01	-6.667716e-01	1.466196e-04
23	-6.664817e-01	-6.667590e-01	1.406654e-04
24	-6.667461e-01	-6.667584e-01	1.346780e-04
25	-6.672650e-01	-6.667787e-01	1.307581e-04
26	-6.666853e-01	-6.667751e-01	1.256797e-04
27	-6.678336e-01	-6.668143e-01	1.271316e-04
28	-6.662553e-01	-6.667943e-01	1.241231e-04
29	-6.656595e-01	-6.667552e-01	1.259976e-04
30	-6.665777e-01	-6.667493e-01	1.218689e-04
31	-6.666583e-01	-6.667463e-01	1.179086e-04
32	-6.666455e-01	-6.667432e-01	1.142080e-04
33	-6.679579e-01	-6.667800e-01	1.166528e-04
34	-6.673210e-01	-6.667959e-01	1.142829e-04
35	-6.674013e-01	-6.668132e-01	1.123096e-04
36	-6.673797e-01	-6.668289e-01	1.102737e-04
37	-6.667765e-01	-6.668275e-01	1.072613e-04
38	-6.662774e-01	-6.668131e-01	1.053995e-04
39	-6.663368e-01	-6.668008e-01	1.033850e-04
40	-6.667981e-01	-6.668008e-01	1.007672e-04
41	-6.665840e-01	-6.667955e-01	9.842095e-05
42	-6.673409e-01	-6.668085e-01	9.692279e-05
43	-6.670276e-01	-6.668136e-01	9.477903e-05
44	-6.664496e-01	-6.668053e-01	9.296855e-05
45	-6.665290e-01	-6.667992e-01	9.108621e-05
46	-6.672964e-01	-6.668100e-01	8.973759e-05
47	-6.670285e-01	-6.668146e-01	8.793057e-05
48	-6.664335e-01	-6.668067e-01	8.644464e-05
49	-6.668375e-01	-6.668073e-01	8.466442e-05
50	-6.670686e-01	-6.668125e-01	8.311830e-05
51	-6.665202e-01	-6.668068e-01	8.167364e-05
52	-6.672136e-01	-6.668146e-01	8.046873e-05
53	-6.670367e-01	-6.668188e-01	7.904698e-05
54	-6.670792e-01	-6.668236e-01	7.771902e-05
55	-6.668965e-01	-6.668250e-01	7.630435e-05
56	-6.650424e-01	-6.667931e-01	8.141016e-05
57	-6.677687e-01	-6.668102e-01	8.178006e-05
58	-6.663314e-01	-6.668020e-01	8.078077e-05
59	-6.673400e-01	-6.668111e-01	7.992166e-05
60	-6.672517e-01	-6.668184e-01	7.892075e-05
61	-6.669374e-01	-6.668204e-01	7.764069e-05
62	-6.656869e-01	-6.668021e-01	7.853563e-05
63	-6.666806e-01	-6.668002e-01	7.730304e-05
64	-6.669677e-01	-6.668028e-01	7.613060e-05
65	-6.677229e-01	-6.668170e-01	7.627519e-05
66	-6.662727e-01	-6.668087e-01	7.556191e-05
67	-6.667061e-01	-6.668072e-01	7.444134e-05
68	-6.663415e-01	-6.668003e-01	7.365753e-05
69	-6.679305e-01	-6.668167e-01	7.440738e-05
70	-6.667018e-01	-6.668151e-01	7.335507e-05
71	-6.679793e-01	-6.668315e-01	7.415021e-05
72	-6.652911e-01	-6.668101e-01	7.617887e-05
73	-6.668453e-01	-6.668106e-01	7.512963e-05
74	-6.657981e-01	-6.667969e-01	7.535980e-05
75	-6.668231e-01	-6.667972e-01	7.434903e-05
76	-6.665806e-01	-6.667944e-01	7.341958e-05
77	-6.670950e-01	-6.667983e-01	7.256488e-05
78	-6.668313e-01	-6.667987e-01	7.162977e-05
79	-6.666342e-01	-6.667966e-01	7.074790e-05
80	-6.665958e-01	-6.667941e-01	6.990306e-05
81	-6.672680e-01	-6.668000e-01	6.928218e-05
82	-6.658083e-01	-6.667879e-01	6.949247e-05
83	-6.663405e-01	-6.667825e-01	6.886139e-05
84	-6.674673e-01	-6.667906e-01	6.852339e-05
85	-6.668126e-01	-6.667909e-01	6.771293e-05
86	-6.667148e-01	-6.667900e-01	6.692679e-05
87	-6.673150e-01	-6.667960e-01	6.642767e-05
88	-6.662906e-01	-6.667903e-01	6.591920e-05
89	-6.676523e-01	-6.668000e-01	6.589002e-05
90	-6.675797e-01	-6.668086e-01	6.572729e-05
91	-6.667096e-01	-6.668076e-01	6.501012e-05
92	-6.668615e-01	-6.668081e-01	6.430228e-05
93	-6.669864e-01	-6.668101e-01	6.363598e-05
94	-6.662747e-01	-6.668044e-01	6.321243e-05
95	-6.655602e-01	-6.667913e-01	6.389993e-05
96	-6.667560e-01	-6.667909e-01	6.323187e-05
97	-6.665301e-01	-6.667882e-01	6.263434e-05
98	-6.671917e-01	-6.667923e-01	6.212846e-05
99	-6.665535e-01	-6.667899e-01	6.154500e-05
100	-6.664541e-01	-6.667866e-01	6.101892e-05
1	-6.159035e-01	-6.159035e-01	0.000000e+00
2	-6.148300e-01	-6.153667e-01	5.367600e-04
3	-6.154959e-01	-6.154098e-01	3.128741e-04
4	-6.153401e-01	-6.153924e-01	2.219207e-04
5	-6.159507e-01	-6.155040e-01	2.049887e-04
6	-6.156824e-01	-6.155338e-01	1.699924e-04
7	-6.163421e-01	-6.156492e-01	1.843245e-04
8	-6.148451e-01	-6.155487e-01	1.886383e-04
9	-6.154987e-01	-6.155432e-01	1.664560e-04
10	-6.143849e-01	-6.154273e-01	1.886327e-04
11	-6.159224e-01	-6.154723e-01	1.764605e-04
12	-6.153806e-01	-6.154647e-01	1.612671e-04
13	-6.162244e-01	-6.155231e-01	1.594388e-04
14	-6.150451e-01	-6.154890e-01	1.515094e-04
15	-6.148071e-01	-6.154435e-01	1.481923e-04
16	-6.155744e-01	-6.154517e-01	1.388624e-04
17	-6.151499e-01	-6.154340e-01	1.316415e-04
18	-6.161017e-01	-6.154711e-01	1.295383e-04
19	-6.157960e-01	-6.154882e-01	1.237189e-04
20	-6.169004e-01	-6.155588e-01	1.369746e-04
21	-6.157101e-01	-6.155660e-01	1.304879e-04
22	-6.142330e-01	-6.155054e-01	1.383851e-04
23	-6.146171e-01	-6.154668e-01	1.377557e-04
24	-6.155046e-01	-6.154683e-01	1.319005e-04
25	-6.151088e-01	-6.154540e-01	1.273294e-04
26	-6.160762e-01	-6.154779e-01	1.246528e-04
27	-6.157316e-01	-6.154873e-01	1.203148e-04
28	-6.162652e-01	-6.155151e-01	1.192201e-04
29	-6.147648e-01	-6.154892e-01	1.179088e-04
30	-6.158555e-01	-6.155014e-01	1.145631e-04
31	-6.145369e-01	-6.154703e-01	1.150914e-04
32	-6.155889e-01	-6.154740e-01	1.114984e-04
33	-6.154215e-01	-6.154724e-01	1.080785e-04
34	-6.157289e-01	-6.154800e-01	1.051226e-04
35	-6.162305e-01	-6.155014e-01	1.043032e-04
36	-6.145121e-01	-6.154739e-01	1.050233e-04
37	-6.155651e-01	-6.154764e-01	1.021751e-04
38	-6.157112e-01	-6.154826e-01	9.964178e-05
39	-6.158356e-01	-6.154916e-01	9.747439e-05
40	-6.145313e-01	-6.154676e-01	9.799282e-05
41	-6.143640e-01	-6.154407e-01	9.929124e-05
42	-6.154392e-01	-6.154407e-01	9.689833e-05
43	-6.152494e-01	-6.154362e-01	9.472251e-05
44	-6.150727e-01	-6.154279e-01	9.291278e-05
45	-6.153350e-01	-6.154259e-01	9.084807e-05
46	-6.156949e-01	-6.154317e-01	8.904339e-05
47	-6.161025e-01	-6.154460e-01	8.828946e-05
48	-6.155114e-01	-6.154474e-01	8.644126e-05
49	-6.145170e-01	-6.154284e-01	8.676183e-05
50	-6.152437e-01	-6.154247e-01	8.508908e-05
51	-6.148201e-01	-6.154128e-01	8.424215e-05
52	-6.161869e-01	-6.154277e-01	8.393674e-05
53	-6.139211e-01	-6.153993e-01	8.710672e-05
54	-6.146300e-01	-6.153850e-01	8.665731e-05
55	-6.151296e-01	-6.153804e-01	8.519377e-05
56	-6.151274e-01	-6.153759e-01	8.378052e-05
57	-6.147886e-01	-6.153656e-01	8.293990e-05
58	-6.148655e-01	-6.153570e-01	8.195218e-05
59	-6.152600e-01	-6.153553e-01	8.056794e-05
60	-6.156285e-01	-6.153599e-01	7.934447e-05
61	-6.154592e-01	-6.153615e-01	7.804988e-05
62	-6.145411e-01	-6.153483e-01	7.791243e-05
63	-6.157335e-01	-6.153544e-01	7.690929e-05
64	-6.151213e-01	-6.153507e-01	7.578562e-05
65	-6.141640e-01	-6.153325e-01	7.681178e-05
66	-6.159132e-01	-6.153413e-01	7.614913e-05
67	-6.150301e-01	-6.153366e-01	7.514764e-05
68	-6.153912e-01	-6.153374e-01	7.403862e-05
69	-6.152740e-01	-6.153365e-01	7.296349e-05
70	-6.157165e-01	-6.153419e-01	7.211817e-05
71	-6.154848e-01	-6.153440e-01	7.112364e-05
72	-6.152391e-01	-6.153425e-01	7.014397e-05
73	-6.146449e-01	-6.153329e-01	6.983340e-05
74	-6.153941e-01	-6.153338e-01	6.888821e-05
75	-6.158096e-01	-6.153401e-01	6.825895e-05
76	-6.147503e-01	-6.153324e-01	6.780039e-05
77	-6.161788e-01	-6.153433e-01	6.781113e-05
78	-6.152993e-01	-6.153428e-01	6.693850e-05
79	-6.161174e-01	-6.153526e-01	6.680930e-05
80	-6.160902e-01	-6.153618e-01	6.661017e-05
81	-6.152841e-01	-6.153608e-01	6.578968e-05
82	-6.146446e-01	-6.153521e-01	6.556688e-05
83	-6.153061e-01	-6.153516e-01	6.477447e-05
84	-6.140679e-01	-6.153363e-01	6.579796e-05
85	-6.163644e-01	-6.153484e-01	6.613487e-05
86	-6.150982e-01	-6.153455e-01	6.542603e-05
87	-6.158250e-01	-6.153510e-01	6.490409e-05
88	-6.157934e-01	-6.153560e-01	6.435901e-05
89	-6.147070e-01	-6.153487e-01	6.404827e-05
90	-6.152938e-01	-6.153481e-01	6.333557e-05
91	-6.156672e-01	-6.153516e-01	6.273376e-05
92	-6.152562e-01	-6.153506e-01	6.205679e-05
93	-6.156407e-01	-6.153537e-01	6.146511e-05
94	-6.147228e-01	-6.153470e-01	6.117702e-05
95	-6.155030e-01	-6.153486e-01	6.055190e-05
96	-6.142952e-01	-6.153376e-01	6.091436e-05
97	-6.137564e-01	-6.153213e-01	6.244831e-05
98	-6.155252e-01	-6.153234e-01	6.184279e-05
99	-6.161640e-01	-6.153319e-01	6.180098e-05
100	-6.151618e-01	-6.153302e-01	6.120348e-05
1	-5.698909e-01	-5.698909e-01	0.000000e+00
2	-5.691398e-01	-5.695153e-01	3.755320e-04
3	-5.706876e-01	-5.699061e-01	4.468785e-04
4	-5.692700e-01	-5.697471e-01	3.537527e-04
5	-5.701363e-01	-5.698249e-01	2.848614e-04
6	-5.688966e-01	-5.696702e-01	2.793474e-04
7	-5.711265e-01	-5.698782e-01	3.146768e-04
8	-5.701222e-01	-5.699087e-01	2.742190e-04
9	-5.706123e-01	-5.699869e-01	2.541600e-04
10	-5.698068e-01	-5.699689e-01	2.280398e-04
11	-5.698822e-01	-5.699610e-01	2.064204e-04
12	-5.707968e-01	-5.700307e-01	2.008953e-04
13	-5.695182e-01	-5.699913e-01	1.889538e-04
14	-5.702408e-01	-5.700091e-01	1.758430e-04
15	-5.705485e-01	-5.700450e-01	1.676047e-04
16	-5.701695e-01	-5.700528e-01	1.569727e-04
17	-5.706663e-01	-5.700889e-01	1.518025e-04
18	-5.700742e-01	-5.700881e-01	1.431231e-04
19	-5.698623e-01	-5.700762e-01	1.359012e-04
20	-5.695672e-01	-5.700508e-01	1.314150e-04
21	-5.707932e-01	-5.700861e-01	1.299036e-04
22	-5.692904e-01	-5.700499e-01	1.290314e-04
23	-5.694673e-01	-5.700246e-01	1.258691e-04
24	-5.698257e-01	-5.700163e-01	1.207952e-04
25	-5.700523e-01	-5.700178e-01	1.158716e-04
26	-5.697486e-01	-5.700074e-01	1.118061e-04
27	-5.701579e-01	-5.700130e-01	1.077298e-04
28	-5.698848e-01	-5.700084e-01	1.039118e-04
29	-5.700939e-01	-5.700114e-01	1.003080e-04
30	-5.701616e-01	-5.700164e-01	9.703610e-05
31	-5.704673e-01	-5.700309e-01	9.497412e-05
32	-5.693346e-01	-5.700091e-01	9.449755e-05
33	-5.696415e-01	-5.699980e-01	9.226440e-05
34	-5.696895e-01	-5.699889e-01	8.996832e-05
35	-5.696035e-01	-5.699779e-01	8.805127e-05
36	-5.694995e-01	-5.699646e-01	8.659639e-05
37	-5.700459e-01	-5.699668e-01	8.425209e-05
38	-5.705059e-01	-5.699810e-01	8.322297e-05
39	-5.703161e-01	-5.699896e-01	8.151496e-05
40	-5.698947e-01	-5.699872e-01	7.948638e-05
41	-5.695661e-01	-5.699770e-01	7.820085e-05
42	-5.699336e-01	-5.699759e-01	7.632319e-05
43	-5.692658e-01	-5.699594e-01	7.633473e-05
44	-5.692553e-01	-5.699434e-01	7.627712e-05
45	-5.695776e-01	-5.699353e-01	7.500470e-05
46	-5.700852e-01	-5.699385e-01	7.342842e-05
47	-5.712662e-01	-5.699668e-01	7.720263e-05
48	-5.696349e-01	-5.699599e-01	7.589274e-05
49	-5.700980e-01	-5.699627e-01	7.438125e-05
50	-5.703036e-01	-5.699695e-01	7.319673e-05
51	-5.699062e-01	-5.699683e-01	7.175789e-05
52	-5.689542e-01	-5.699488e-01	7.301665e-05
53	-5.698999e-01	-5.699479e-01	7.163166e-05
54	-5.696106e-01	-5.699416e-01	7.056951e-05
55	-5.711229e-01	-5.699631e-01	7.252795e-05
56	-5.702675e-01	-5.699685e-01	7.142823e-05
57	-5.709086e-01	-5.699850e-01	7.207624e-05
58	-5.702221e-01	-5.699891e-01	7.094052e-05
59	-5.693964e-01	-5.699791e-01	7.044764e-05
60	-5.692463e-01	-5.699668e-01	7.033210e-05
61	-5.704892e-01	-5.699754e-01	6.969747e-05
62	-5.689346e-01	-5.699586e-01	7.058913e-05
63	-5.693923e-01	-5.699496e-01	7.003897e-05
64	-5.701843e-01	-5.699533e-01	6.903338e-05
65	-5.701345e-01	-5.699561e-01	6.802016e-05
66	-5.704071e-01	-5.699629e-01	6.732924e-05
67	-5.709862e-01	-5.699782e-01	6.805283e-05
68	-5.700291e-01	-5.699789e-01	6.704877e-05
69	-5.692750e-01	-5.699687e-01	6.685282e-05
70	-5.710860e-01	-5.699847e-01	6.779637e-05
71	-5.686641e-01	-5.699661e-01	6.937448e-05
72	-5.692616e-01	-5.699563e-01	6.910034e-05
73	-5.699192e-01	-5.699558e-01	6.814908e-05
74	-5.697582e-01	-5.699531e-01	6.727487e-05
75	-5.690711e-01	-5.699414e-01	6.740568e-05
76	-5.700982e-01	-5.699434e-01	6.654486e-05
77	-5.698559e-01	-5.699423e-01	6.568479e-05
78	-5.698939e-01	-5.699417e-01	6.484019e-05
79	-5.700769e-01	-5.699434e-01	6.403705e-05
80	-5.701392e-01	-5.699458e-01	6.327887e-05
81	-5.687080e-01	-5.699306e-01	6.433408e-05
82	-5.699191e-01	-5.699304e-01	6.354483e-05
83	-5.689855e-01	-5.699190e-01	6.379859e-05
84	-5.705906e-01	-5.699270e-01	6.353948e-05
85	-5.701816e-01	-5.699300e-01	6.285890e-05
86	-5.704312e-01	-5.699359e-01	6.239645e-05
87	-5.695517e-01	-5.699314e-01	6.183292e-05
88	-5.681739e-01	-5.699115e-01	6.430619e-05
89	-5.711081e-01	-5.699249e-01	6.498568e-05
90	-5.703743e-01	-5.699299e-01	6.445330e-05
91	-5.709045e-01	-5.699406e-01	6.463455e-05
92	-5.698559e-01	-5.699397e-01	6.393478e-05
93	-5.705290e-01	-5.699460e-01	6.356020e-05
94	-5.703465e-01	-5.699503e-01	6.302454e-05
95	-5.700414e-01	-5.699513e-01	6.236498e-05
96	-5.697496e-01	-5.699492e-01	6.174767e-05
97	-5.694175e-01	-5.699437e-01	6.135307e-05
98	-5.705620e-01	-5.699500e-01	6.105073e-05
99	-5.703470e-01	-5.699540e-01	6.056384e-05
100	-5.706051e-01	-5.699605e-01	6.030762e-05
1	-5.295405e-01	-5.295405e-01	0.000000e+00
2	-5.308613e-01	-5.302009e-01	6.604200e-04
3	-5.310063e-01	-5.304694e-01	4.663367e-04
4	-5.298337e-01	-5.303104e-01	3.660475e-04
5	-5.303812e-01	-5.303246e-01	2.838923e-04
6	-5.296916e-01	-5.302191e-01	2.546774e-04
7	-5.300410e-01	-5.301937e-01	2.167397e-04
8	-5.298305e-01	-5.301483e-01	1.931146e-04
9	-5.295057e-01	-5.300769e-01	1.846718e-04
10	-5.298006e-01	-5.300492e-01	1.674693e-04
11	-5.296994e-01	-5.300174e-01	1.547843e-04
12	-5.301934e-01	-5.300321e-01	1.420572e-04
13	-5.301078e-01	-5.300379e-01	1.308033e-04
14	-5.300509e-01	-5.300388e-01	1.211039e-04
15	-5.308314e-01	-5.300917e-01	1.245079e-04
16	-5.295769e-01	-5.300595e-01	1.208293e-04
17	-5.297610e-01	-5.300419e-01	1.148496e-04
18	-5.302272e-01	-5.300522e-01	1.087693e-04
19	-5.303173e-01	-5.300662e-01	1.038266e-04
20	-5.305412e-01	-5.300899e-01	1.013212e-04
21	-5.302327e-01	-5.300967e-01	9.661526e-05
22	-5.293600e-01	-5.300633e-01	9.801646e-05
23	-5.294986e-01	-5.300387e-01	9.682266e-05
24	-5.295803e-01	-5.300196e-01	9.464804e-05
25	-5.294928e-01	-5.299985e-01	9.319639e-05
26	-5.288872e-01	-5.299558e-01	9.921892e-05
27	-5.302993e-01	-5.299685e-01	9.631749e-05
28	-5.300500e-01	-5.299714e-01	9.285944e-05
29	-5.300416e-01	-5.299738e-01	8.963290e-05
30	-5.286488e-01	-5.299297e-01	9.720722e-05
31	-5.295627e-01	-5.299178e-01	9.476136e-05
32	-5.292200e-01	-5.298960e-01	9.430853e-05
33	-5.312584e-01	-5.299373e-01	1.002968e-04
34	-5.293066e-01	-5.299188e-01	9.905462e-05
35	-5.297698e-01	-5.299145e-01	9.627696e-05
36	-5.293885e-01	-5.298999e-01	9.469830e-05
37	-5.305539e-01	-5.299176e-01	9.378404e-05
38	-5.307916e-01	-5.299406e-01	9.413613e-05
39	-5.295918e-01	-5.299316e-01	9.212580e-05
40	-5.284888e-01	-5.298956e-01	9.676741e-05
41	-5.306657e-01	-5.299143e-01	9.622879e-05
42	-5.297013e-01	-5.299093e-01	9.404662e-05
43	-5.300611e-01	-5.299128e-01	9.190130e-05
44	-5.291203e-01	-5.298948e-01	9.157714e-05
45	-5.295861e-01	-5.298879e-01	8.978141e-05
46	-5.305239e-01	-5.299018e-01	8.888975e-05
47	-5.295722e-01	-5.298947e-01	8.726009e-05
48	-5.296266e-01	-5.298892e-01	8.560526e-05
49	-5.295229e-01	-5.298817e-01	8.417258e-05
50	-5.298595e-01	-5.298812e-01	8.247314e-05
51	-5.307588e-01	-5.298984e-01	8.265093e-05
52	-5.297043e-01	-5.298947e-01	8.113188e-05
53	-5.294239e-01	-5.298858e-01	8.008052e-05
54	-5.290885e-01	-5.298711e-01	7.995883e-05
55	-5.288865e-01	-5.298532e-01	8.050705e-05
56	-5.294273e-01	-5.298456e-01	7.942119e-05
57	-5.294051e-01	-5.298378e-01	7.839711e-05
58	-5.305620e-01	-5.298503e-01	7.803886e-05
59	-5.302491e-01	-5.298571e-01	7.700200e-05
60	-5.303006e-01	-5.298645e-01	7.606775e-05
61	-5.299990e-01	-5.298667e-01	7.484284e-05
62	-5.290793e-01	-5.298540e-01	7.471295e-05
63	-5.297384e-01	-5.298521e-01	7.354036e-05
64	-5.293481e-01	-5.298443e-01	7.280944e-05
65	-5.291771e-01	-5.298340e-01	7.241167e-05
66	-5.302421e-01	-5.298402e-01	7.157369e-05
67	-5.300403e-01	-5.298432e-01	7.056060e-05
68	-5.305335e-01	-5.298533e-01	7.025266e-05
69	-5.304660e-01	-5.298622e-01	6.979415e-05
70	-5.303390e-01	-5.298690e-01	6.912633e-05
71	-5.291451e-01	-5.298588e-01	6.890438e-05
72	-5.300628e-01	-5.298616e-01	6.799969e-05
73	-5.300932e-01	-5.298648e-01	6.713668e-05
74	-5.295819e-01	-5.298610e-01	6.633349e-05
75	-5.298785e-01	-5.298612e-01	6.544348e-05
76	-5.305432e-01	-5.298702e-01	6.519717e-05
77	-5.300218e-01	-5.298722e-01	6.437497e-05
78	-5.301832e-01	-5.298762e-01	6.366931e-05
79	-5.299052e-01	-5.298765e-01	6.285928e-05
80	-5.301926e-01	-5.298805e-01	6.219418e-05
81	-5.306934e-01	-5.298905e-01	6.223605e-05
82	-5.294926e-01	-5.298857e-01	6.166363e-05
83	-5.303532e-01	-5.298913e-01	6.117611e-05
84	-5.309534e-01	-5.299039e-01	6.175178e-05
85	-5.293430e-01	-5.298973e-01	6.137672e-05
86	-5.291874e-01	-5.298891e-01	6.121793e-05
87	-5.301011e-01	-5.298915e-01	6.055924e-05
88	-5.298518e-01	-5.298911e-01	5.986881e-05
89	-5.281280e-01	-5.298713e-01	6.241932e-05
90	-5.292568e-01	-5.298644e-01	6.209830e-05
91	-5.298208e-01	-5.298640e-01	6.141398e-05
92	-5.314107e-01	-5.298808e-01	6.302666e-05
93	-5.300946e-01	-5.298831e-01	6.238766e-05
94	-5.307406e-01	-5.298922e-01	6.239099e-05
95	-5.306310e-01	-5.299000e-01	6.221868e-05
96	-5.301422e-01	-5.299025e-01	6.161882e-05
97	-5.294507e-01	-5.298978e-01	6.115791e-05
98	-5.294114e-01	-5.298929e-01	6.073384e-05
99	-5.296586e-01	-5.298905e-01	6.016379e-05
100	-5.292274e-01	-5.298839e-01	5.992717e-05
1	-4.953548e-01	-4.953548e-01	0.000000e+00
2	-4.939996e-01	-4.946772e-01	6.775960e-04
3	-4.951752e-01	-4.948432e-01	4.249801e-04
4	-4.939556e-01	-4.946213e-01	3.735554e-04
5	-4.952135e-01	-4.947397e-01	3.126570e-04
6	-4.942846e-01	-4.946639e-01	2.663176e-04
7	-4.938625e-01	-4.945494e-01	2.525225e-04
8	-4.944357e-01	-4.945352e-01	2.191518e-04
9	-4.952144e-01	-4.946106e-01	2.074835e-04
10	-4.950429e-01	-4.946539e-01	1.905463e-04
11	-4.951017e-01	-4.946946e-01	1.770995e-04
12	-4.943851e-01	-4.946688e-01	1.637133e-04
13	-4.942135e-01	-4.946338e-01	1.546137e-04
14	-4.942943e-01	-4.946095e-01	1.451839e-04
15	-4.937345e-01	-4.945512e-01	1.472111e-04
16	-4.945707e-01	-4.945524e-01	1.377088e-04
17	-4.946222e-01	-4.945565e-01	1.294201e-04
18	-4.940295e-01	-4.945272e-01	1.254825e-04
19	-4.946156e-01	-4.945319e-01	1.187857e-04
20	-4.947340e-01	-4.945420e-01	1.131423e-04
21	-4.946693e-01	-4.945481e-01	1.077905e-04
22	-4.942890e-01	-4.945363e-01	1.034465e-04
23	-4.946112e-01	-4.945395e-01	9.890023e-05
24	-4.949060e-01	-4.945548e-01	9.591318e-05
25	-4.933255e-01	-4.945056e-01	1.043136e-04
26	-4.940623e-01	-4.944886e-01	1.016614e-04
27	-4.938511e-01	-4.944650e-01	1.006325e-04
28	-4.938981e-01	-4.944447e-01	9.906289e-05
29	-4.940616e-01	-4.944315e-01	9.649453e-05
30	-4.946065e-01	-4.944374e-01	9.340482e-05
31	-4.955310e-01	-4.944726e-01	9.698582e-05
32	-4.935555e-01	-4.944440e-01	9.818255e-05
33	-4.950014e-01	-4.944609e-01	9.664832e-05
34	-4.936008e-01	-4.944356e-01	9.711535e-05
35	-4.949704e-01	-4.944508e-01	9.552972e-05
36	-4.950952e-01	-4.944687e-01	9.454802e-05
37	-4.939880e-01	-4.944558e-01	9.287072e-05
38	-4.945915e-01	-4.944593e-01	9.046431e-05
39	-4.946734e-01	-4.944648e-01	8.828499e-05
40	-4.938870e-01	-4.944504e-01	8.725376e-05
41	-4.931670e-01	-4.944191e-01	9.067309e-05
42	-4.945689e-01	-4.944226e-01	8.855975e-05
43	-4.948421e-01	-4.944324e-01	8.702423e-05
44	-4.944935e-01	-4.944338e-01	8.503477e-05
45	-4.933763e-01	-4.944103e-01	8.638124e-05
46	-4.941199e-01	-4.944040e-01	8.471802e-05
47	-4.949762e-01	-4.944161e-01	8.378514e-05
48	-4.944894e-01	-4.944177e-01	8.203525e-05
49	-4.938782e-01	-4.944067e-01	8.109453e-05
50	-4.941514e-01	-4.944016e-01	7.961992e-05
51	-4.943722e-01	-4.944010e-01	7.804525e-05
52	-4.941808e-01	-4.943967e-01	7.664666e-05
53	-4.934812e-01	-4.943795e-01	7.714550e-05
54	-4.949023e-01	-4.943892e-01	7.631998e-05
55	-4.932057e-01	-4.943676e-01	7.794833e-05
56	-4.937654e-01	-4.943569e-01	7.729545e-05
57	-4.940951e-01	-4.943523e-01	7.606608e-05
58	-4.948493e-01	-4.943609e-01	7.523269e-05
59	-4.951050e-01	-4.943735e-01	7.501450e-05
60	-4.944167e-01	-4.943742e-01	7.375718e-05
61	-4.944001e-01	-4.943746e-01	7.253921e-05
62	-4.947468e-01	-4.943806e-01	7.161168e-05
63	-4.953398e-01	-4.943958e-01	7.209191e-05
64	-4.938775e-01	-4.943877e-01	7.141725e-05
65	-4.945072e-01	-4.943896e-01	7.033396e-05
66	-4.945754e-01	-4.943924e-01	6.931727e-05
67	-4.936880e-01	-4.943819e-01	6.907945e-05
68	-4.948682e-01	-4.943890e-01	6.843067e-05
69	-4.941000e-01	-4.943848e-01	6.756163e-05
70	-4.935088e-01	-4.943723e-01	6.775539e-05
71	-4.940543e-01	-4.943679e-01	6.694429e-05
72	-4.948114e-01	-4.943740e-01	6.629481e-05
73	-4.942973e-01	-4.943730e-01	6.538881e-05
74	-4.931399e-01	-4.943563e-01	6.661663e-05
75	-4.942632e-01	-4.943551e-01	6.573413e-05
76	-4.937814e-01	-4.943475e-01	6.530118e-05
77	-4.934618e-01	-4.943360e-01	6.546607e-05
78	-4.947828e-01	-4.943417e-01	6.487466e-05
79	-4.948160e-01	-4.943477e-01	6.432889e-05
80	-4.941975e-01	-4.943459e-01	6.354746e-05
81	-4.948128e-01	-4.943516e-01	6.302227e-05
82	-4.942798e-01	-4.943507e-01	6.225513e-05
83	-4.949619e-01	-4.943581e-01	6.193967e-05
84	-4.946047e-01	-4.943610e-01	6.126820e-05
85	-4.942831e-01	-4.943601e-01	6.055005e-05
86	-4.957128e-01	-4.943759e-01	6.187425e-05
87	-4.953992e-01	-4.943876e-01	6.227969e-05
88	-4.942447e-01	-4.943860e-01	6.158932e-05
89	-4.941714e-01	-4.943836e-01	6.094108e-05
90	-4.937236e-01	-4.943762e-01	6.070464e-05
91	-4.945055e-01	-4.943777e-01	6.005066e-05
92	-4.946372e-01	-4.943805e-01	5.946132e-05
93	-4.946436e-01	-4.943833e-01	5.888645e-05
94	-4.945801e-01	-4.943854e-01	5.829422e-05
95	-4.938414e-01	-4.943797e-01	5.796086e-05
96	-4.951988e-01	-4.943882e-01	5.798506e-05
97	-4.951485e-01	-4.943961e-01	5.791696e-05
98	-4.952971e-01	-4.944053e-01	5.805567e-05
99	-4.949759e-01	-4.944110e-01	5.775463e-05
100	-4.943060e-01	-4.944100e-01	5.718381e-05
1	-4.627047e-01	-4.627047e-01	0.000000e+00
2	-4.633518e-01	-4.630283e-01	3.235280e-04
3	-4.632239e-01	-4.630935e-01	1.978456e-04
4	-4.627198e-01	-4.630000e-01	1.682275e-04
5	-4.632104e-01	-4.630421e-01	1.369299e-04
6	-4.630967e-01	-4.630512e-01	1.121723e-04
7	-4.630556e-01	-4.630518e-01	9.480500e-05
8	-4.625419e-01	-4.629881e-01	1.039400e-04
9	-4.632086e-01	-4.630126e-01	9.488335e-05
10	-4.635887e-01	-4.630702e-01	1.025731e-04
11	-4.632414e-01	-4.630858e-01	9.407658e-05
12	-4.620600e-01	-4.630003e-01	1.211734e-04
13	-4.627147e-01	-4.629783e-01	1.136081e-04
14	-4.630399e-01	-4.629827e-01	1.052728e-04
15	-4.623319e-01	-4.629393e-01	1.071784e-04
16	-4.625626e-01	-4.629158e-01	1.029842e-04
17	-4.628065e-01	-4.629094e-01	9.695004e-05
18	-4.623609e-01	-4.628789e-01	9.635074e-05
19	-4.631847e-01	-4.628950e-01	9.254946e-05
20	-4.630746e-01	-4.629040e-01	8.825826e-05
21	-4.631689e-01	-4.629166e-01	8.489335e-05
22	-4.631271e-01	-4.629261e-01	8.150615e-05
23	-4.629679e-01	-4.629280e-01	7.790302e-05
24	-4.626174e-01	-4.629150e-01	7.570094e-05
25	-4.627058e-01	-4.629067e-01	7.309027e-05
26	-4.631720e-01	-4.629169e-01	7.096053e-05
27	-4.635504e-01	-4.629403e-01	7.220041e-05
28	-4.622506e-01	-4.629157e-01	7.380615e-05
29	-4.634497e-01	-4.629341e-01	7.355803e-05
30	-4.615973e-01	-4.628895e-01	8.387957e-05
31	-4.635666e-01	-4.629114e-01	8.401674e-05
32	-4.625423e-01	-4.628998e-01	8.216246e-05
33	-4.634190e-01	-4.629156e-01	8.117260e-05
34	-4.621021e-01	-4.628917e-01	8.230358e-05
35	-4.623043e-01	-4.628749e-01	8.166060e-05
36	-4.634772e-01	-4.628916e-01	8.110430e-05
37	-4.632678e-01	-4.629018e-01	7.953453e-05
38	-4.630591e-01	-4.629059e-01	7.752381e-05
39	-4.625058e-01	-4.628956e-01	7.620370e-05
40	-4.640723e-01	-4.629251e-01	7.988690e-05
41	-4.627254e-01	-4.629202e-01	7.806610e-05
42	-4.623161e-01	-4.629058e-01	7.753072e-05
43	-4.633275e-01	-4.629156e-01	7.633884e-05
44	-4.626888e-01	-4.629105e-01	7.476167e-05
45	-4.622348e-01	-4.628954e-01	7.460799e-05
46	-4.619322e-01	-4.628745e-01	7.591329e-05
47	-4.629219e-01	-4.628755e-01	7.428741e-05
48	-4.628204e-01	-4.628744e-01	7.273234e-05
49	-4.626137e-01	-4.628690e-01	7.143086e-05
50	-4.633788e-01	-4.628792e-01	7.072643e-05
51	-4.636971e-01	-4.628953e-01	7.115634e-05
52	-4.623736e-01	-4.628852e-01	7.049210e-05
53	-4.629521e-01	-4.628865e-01	6.916078e-05
54	-4.623335e-01	-4.628763e-01	6.863619e-05
55	-4.622105e-01	-4.628642e-01	6.845534e-05
56	-4.624141e-01	-4.628561e-01	6.770057e-05
57	-4.626954e-01	-4.628533e-01	6.656200e-05
58	-4.625029e-01	-4.628473e-01	6.568269e-05
59	-4.626432e-01	-4.628438e-01	6.465243e-05
60	-4.631291e-01	-4.628486e-01	6.374338e-05
61	-4.630190e-01	-4.628514e-01	6.275190e-05
62	-4.627495e-01	-4.628497e-01	6.175333e-05
63	-4.644085e-01	-4.628745e-01	6.560930e-05
64	-4.639633e-01	-4.628915e-01	6.677964e-05
65	-4.626595e-01	-4.628879e-01	6.584099e-05
66	-4.622974e-01	-4.628790e-01	6.545012e-05
67	-4.633048e-01	-4.628853e-01	6.477835e-05
68	-4.623143e-01	-4.628769e-01	6.436865e-05
69	-4.627840e-01	-4.628756e-01	6.344320e-05
70	-4.637908e-01	-4.628886e-01	6.388273e-05
71	-4.631591e-01	-4.628925e-01	6.309168e-05
72	-4.623126e-01	-4.628844e-01	6.272841e-05
73	-4.628272e-01	-4.628836e-01	6.186810e-05
74	-4.629143e-01	-4.628840e-01	6.102772e-05
75	-4.633337e-01	-4.628900e-01	6.050627e-05
76	-4.621425e-01	-4.628802e-01	6.050951e-05
77	-4.629862e-01	-4.628816e-01	5.973437e-05
78	-4.618709e-01	-4.628686e-01	6.037057e-05
79	-4.634766e-01	-4.628763e-01	6.009635e-05
80	-4.621060e-01	-4.628667e-01	6.011651e-05
81	-4.638707e-01	-4.628791e-01	6.064985e-05
82	-4.622621e-01	-4.628715e-01	6.037627e-05
83	-4.623386e-01	-4.628651e-01	5.998901e-05
84	-4.641045e-01	-4.628799e-01	6.107937e-05
85	-4.630429e-01	-4.628818e-01	6.038697e-05
86	-4.630277e-01	-4.628835e-01	5.970479e-05
87	-4.638341e-01	-4.628944e-01	6.001747e-05
88	-4.625220e-01	-4.628902e-01	5.948227e-05
89	-4.637587e-01	-4.628999e-01	5.961433e-05
90	-4.625836e-01	-4.628964e-01	5.905295e-05
91	-4.617552e-01	-4.628839e-01	5.973178e-05
92	-4.621365e-01	-4.628758e-01	5.963490e-05
93	-4.643420e-01	-4.628915e-01	6.106069e-05
94	-4.634737e-01	-4.628977e-01	6.072427e-05
95	-4.634775e-01	-4.629038e-01	6.039086e-05
96	-4.633084e-01	-4.629080e-01	5.990686e-05
97	-4.631893e-01	-4.629109e-01	5.935690e-05
98	-4.631424e-01	-4.629133e-01	5.879554e-05
99	-4.625589e-01	-4.629097e-01	5.830862e-05
100	-4.627672e-01	-4.629083e-01	5.774019e-05
