1	1.336656e+01	1.336656e+01	0.000000e+00
2	1.122479e+01	1.229568e+01	1.070884e+00
3	1.894044e+01	1.451060e+01	2.299597e+00
4	1.892631e+01	1.561452e+01	1.965382e+00
5	1.075435e+01	1.464249e+01	1.806236e+00
6	8.771148e+00	1.366393e+01	1.769906e+00
7	9.841614e+00	1.311789e+01	1.592392e+00
8	1.359924e+01	1.317806e+01	1.380364e+00
9	6.404928e+00	1.242549e+01	1.431203e+00
10	1.072943e+01	1.225588e+01	1.291294e+00
11	1.161417e+01	1.219754e+01	1.169475e+00
12	7.227933e+00	1.178341e+01	1.145091e+00
13	1.517551e+01	1.204434e+01	1.085169e+00
14	8.411183e+00	1.178483e+01	1.037646e+00
15	1.643520e+01	1.209485e+01	1.014526e+00
16	8.671187e+00	1.188087e+01	9.728274e-01
17	1.285810e+01	1.193836e+01	9.156184e-01
18	1.264631e+01	1.197769e+01	8.641488e-01
19	1.009035e+01	1.187836e+01	8.234166e-01
20	5.416551e+00	1.155527e+01	8.453405e-01
21	8.943794e+00	1.143091e+01	8.136386e-01
22	7.917622e+00	1.127121e+01	7.920402e-01
23	2.665310e+01	1.193999e+01	1.009971e+00
24	6.549017e+00	1.171537e+01	9.927202e-01
25	1.042892e+01	1.166391e+01	9.535732e-01
26	1.237889e+01	1.169141e+01	9.165761e-01
27	7.434072e+00	1.153373e+01	8.959598e-01
28	2.331242e+01	1.195440e+01	9.603991e-01
29	1.025358e+01	1.189575e+01	9.285443e-01
30	1.128675e+01	1.187545e+01	8.972887e-01
31	1.323512e+01	1.191931e+01	8.689690e-01
32	1.208639e+01	1.192453e+01	8.413918e-01
33	1.114361e+01	1.190087e+01	8.158399e-01
34	8.828653e+00	1.181051e+01	7.966222e-01
35	6.737497e+00	1.166556e+01	7.869893e-01
36	1.207887e+01	1.167704e+01	7.649023e-01
37	2.275896e+01	1.197656e+01	8.019705e-01
38	5.964984e+00	1.181836e+01	7.964505e-01
39	6.930053e+00	1.169302e+01	7.858205e-01
40	6.977376e+00	1.157512e+01	7.749429e-01
41	9.529145e+00	1.152522e+01	7.574511e-01
42	1.008548e+01	1.149094e+01	7.399910e-01
43	1.540317e+01	1.158192e+01	7.282824e-01
44	9.747893e+00	1.154024e+01	7.127579e-01
45	8.977133e+00	1.148328e+01	6.990631e-01
46	7.430176e+00	1.139517e+01	6.893514e-01
47	8.778852e+00	1.133951e+01	6.768180e-01
48	1.746411e+01	1.146710e+01	6.747419e-01
49	5.883616e+00	1.135315e+01	6.705805e-01
50	1.541903e+01	1.143447e+01	6.620450e-01
51	6.811994e+00	1.134383e+01	6.552330e-01
52	6.559914e+00	1.125184e+01	6.490618e-01
53	5.865868e+00	1.115021e+01	6.447565e-01
54	2.489156e+01	1.140468e+01	6.819595e-01
55	8.419374e+00	1.135041e+01	6.716423e-01
56	6.333385e+00	1.126082e+01	6.655966e-01
57	9.589174e+00	1.123149e+01	6.544726e-01
58	5.789978e+00	1.113767e+01	6.498971e-01
59	4.684547e+00	1.102829e+01	6.480831e-01
60	2.180663e+01	1.120793e+01	6.620283e-01
61	9.330153e+00	1.117715e+01	6.518122e-01
62	1.618016e+01	1.125784e+01	6.462705e-01
63	1.772992e+01	1.136058e+01	6.441739e-01
64	1.245271e+01	1.137764e+01	6.342584e-01
65	8.387445e+00	1.133164e+01	6.261166e-01
66	1.626375e+01	1.140637e+01	6.210692e-01
67	1.206399e+01	1.141618e+01	6.118081e-01
68	1.035604e+01	1.140059e+01	6.029453e-01
69	1.325431e+01	1.142746e+01	5.947498e-01
70	1.035027e+01	1.141207e+01	5.863938e-01
71	1.210217e+01	1.142179e+01	5.781574e-01
72	7.831581e+00	1.137192e+01	5.722475e-01
73	1.325828e+01	1.139776e+01	5.649454e-01
74	1.133407e+01	1.139690e+01	5.572593e-01
75	1.147980e+01	1.139801e+01	5.497801e-01
76	1.708462e+01	1.147283e+01	5.476337e-01
77	6.649131e+00	1.141019e+01	5.440932e-01
78	1.678045e+01	1.147904e+01	5.414674e-01
79	1.214088e+01	1.148741e+01	5.346351e-01
80	1.100349e+01	1.148137e+01	5.279445e-01
81	5.322596e+00	1.140533e+01	5.269008e-01
82	1.438443e+01	1.144166e+01	5.217021e-01
83	5.252824e+00	1.136710e+01	5.207442e-01
84	1.279392e+01	1.138408e+01	5.147878e-01
85	1.067090e+01	1.137569e+01	5.087646e-01
86	8.591381e+00	1.134332e+01	5.038552e-01
87	8.160687e+00	1.130674e+01	4.993718e-01
88	1.168822e+01	1.131107e+01	4.936836e-01
89	7.323654e+00	1.126627e+01	4.901569e-01
90	1.612593e+01	1.132026e+01	4.876786e-01
91	6.549723e+00	1.126784e+01	4.851305e-01
92	9.489336e+00	1.124851e+01	4.802176e-01
93	1.229357e+01	1.125975e+01	4.751588e-01
94	1.372188e+01	1.128594e+01	4.708059e-01
95	7.805260e+00	1.124930e+01	4.672624e-01
96	1.030902e+01	1.123951e+01	4.624732e-01
97	9.441499e+00	1.122097e+01	4.580558e-01
98	1.267240e+01	1.123578e+01	4.535995e-01
99	2.065116e+01	1.133088e+01	4.589562e-01
100	8.286056e+00	1.130044e+01	4.553626e-01
1	1.866685e+01	1.866685e+01	0.000000e+00
2	1.936448e+01	1.901566e+01	3.488140e-01
3	1.800888e+01	1.868007e+01	3.913827e-01
4	1.904768e+01	1.877197e+01	2.916097e-01
5	1.621601e+01	1.826078e+01	5.588729e-01
6	2.074082e+01	1.867412e+01	6.156912e-01
7	2.000458e+01	1.886419e+01	5.539795e-01
8	1.841728e+01	1.880832e+01	4.830018e-01
9	1.982638e+01	1.892144e+01	4.407310e-01
10	2.109928e+01	1.913922e+01	4.503609e-01
11	1.877653e+01	1.910625e+01	4.086989e-01
12	1.987809e+01	1.917057e+01	3.785931e-01
13	1.849129e+01	1.911832e+01	3.521532e-01
14	1.869147e+01	1.908783e+01	3.274530e-01
15	2.000891e+01	1.914923e+01	3.109652e-01
16	1.780422e+01	1.906517e+01	3.027847e-01
17	1.783566e+01	1.899285e+01	2.934683e-01
18	1.932049e+01	1.901105e+01	2.772827e-01
19	1.848139e+01	1.898317e+01	2.637604e-01
20	1.906023e+01	1.898702e+01	2.502548e-01
21	2.180238e+01	1.912109e+01	2.731963e-01
22	1.839896e+01	1.908827e+01	2.625424e-01
23	1.763145e+01	1.902493e+01	2.587405e-01
24	1.899443e+01	1.902365e+01	2.477285e-01
25	2.114090e+01	1.910834e+01	2.522543e-01
26	1.939135e+01	1.911923e+01	2.426024e-01
27	1.899182e+01	1.911451e+01	2.334919e-01
28	1.872510e+01	1.910060e+01	2.254279e-01
29	2.046577e+01	1.914768e+01	2.225513e-01
30	1.937708e+01	1.915532e+01	2.151409e-01
31	2.139060e+01	1.922743e+01	2.202242e-01
32	1.753853e+01	1.917465e+01	2.196658e-01
33	2.035027e+01	1.921028e+01	2.158651e-01
34	2.053779e+01	1.924932e+01	2.130286e-01
35	2.003356e+01	1.927173e+01	2.080626e-01
36	1.980832e+01	1.928663e+01	2.027491e-01
37	2.217792e+01	1.936478e+01	2.121120e-01
38	2.080738e+01	1.940274e+01	2.099160e-01
39	1.774192e+01	1.936015e+01	2.088504e-01
40	1.871381e+01	1.934400e+01	2.042025e-01
41	1.938618e+01	1.934502e+01	1.991623e-01
42	1.798890e+01	1.931274e+01	1.970263e-01
43	2.101090e+01	1.935223e+01	1.964012e-01
44	1.905438e+01	1.934546e+01	1.920050e-01
45	2.002437e+01	1.936055e+01	1.882951e-01
46	1.880454e+01	1.934846e+01	1.845525e-01
47	1.949173e+01	1.935151e+01	1.806089e-01
48	2.045912e+01	1.937458e+01	1.783056e-01
49	1.817432e+01	1.935009e+01	1.763384e-01
50	1.908528e+01	1.934479e+01	1.728568e-01
51	2.045865e+01	1.936663e+01	1.708354e-01
52	1.847720e+01	1.934953e+01	1.683888e-01
53	1.843541e+01	1.933228e+01	1.660791e-01
54	1.871267e+01	1.932081e+01	1.633780e-01
55	1.939536e+01	1.932216e+01	1.603857e-01
56	2.047967e+01	1.934283e+01	1.588462e-01
57	1.938436e+01	1.934356e+01	1.560363e-01
58	1.810179e+01	1.932215e+01	1.548100e-01
59	2.205252e+01	1.936843e+01	1.590450e-01
60	1.695914e+01	1.932827e+01	1.614452e-01
61	2.003698e+01	1.933989e+01	1.592010e-01
62	1.770513e+01	1.931352e+01	1.588162e-01
63	2.324007e+01	1.937585e+01	1.682452e-01
64	1.870860e+01	1.936542e+01	1.659233e-01
65	2.122325e+01	1.939401e+01	1.658324e-01
66	1.770148e+01	1.936836e+01	1.653018e-01
67	1.861291e+01	1.935709e+01	1.632059e-01
68	2.084290e+01	1.937894e+01	1.622657e-01
69	2.034082e+01	1.939288e+01	1.605033e-01
70	2.005196e+01	1.940229e+01	1.584737e-01
71	1.828801e+01	1.938660e+01	1.570121e-01
72	2.147415e+01	1.941559e+01	1.575075e-01
73	1.707437e+01	1.938352e+01	1.586112e-01
74	1.842991e+01	1.937063e+01	1.569830e-01
75	1.749152e+01	1.934558e+01	1.568892e-01
76	1.904596e+01	1.934164e+01	1.548613e-01
77	2.019193e+01	1.935268e+01	1.532353e-01
78	1.874017e+01	1.934483e+01	1.514617e-01
79	1.822071e+01	1.933060e+01	1.502077e-01
80	1.552445e+01	1.928302e+01	1.557621e-01
81	2.073357e+01	1.930093e+01	1.548660e-01
82	2.009306e+01	1.931059e+01	1.532705e-01
83	1.899675e+01	1.930681e+01	1.514598e-01
84	2.049956e+01	1.932101e+01	1.503180e-01
85	2.002501e+01	1.932929e+01	1.487698e-01
86	2.016210e+01	1.933897e+01	1.473483e-01
87	1.988119e+01	1.934521e+01	1.457780e-01
88	1.897763e+01	1.934103e+01	1.441725e-01
89	2.047110e+01	1.935373e+01	1.431078e-01
90	1.806766e+01	1.933944e+01	1.422284e-01
91	2.128040e+01	1.936077e+01	1.422648e-01
92	1.857550e+01	1.935223e+01	1.409685e-01
93	1.846050e+01	1.934264e+01	1.397738e-01
94	2.044399e+01	1.935436e+01	1.387743e-01
95	1.917646e+01	1.935249e+01	1.373185e-01
96	1.831165e+01	1.934164e+01	1.363125e-01
97	2.057053e+01	1.935431e+01	1.354935e-01
98	1.786379e+01	1.933910e+01	1.349635e-01
99	2.178861e+01	1.936385e+01	1.358652e-01
100	1.921191e+01	1.936233e+01	1.345083e-01
1	1.310183e+01	1.310183e+01	0.000000e+00
2	1.322627e+01	1.316405e+01	6.221962e-02
3	1.377939e+01	1.336916e+01	2.082341e-01
4	1.327437e+01	1.334547e+01	1.491384e-01
5	1.334533e+01	1.334544e+01	1.155221e-01
6	1.291865e+01	1.327431e+01	1.181377e-01
7	1.349442e+01	1.330575e+01	1.046790e-01
8	1.313238e+01	1.328408e+01	9.320901e-02
9	1.324374e+01	1.327960e+01	8.232473e-02
10	1.327838e+01	1.327948e+01	7.363358e-02
11	1.318402e+01	1.327080e+01	6.716705e-02
12	1.286107e+01	1.323665e+01	7.018070e-02
13	1.293956e+01	1.321380e+01	6.848262e-02
14	1.362634e+01	1.324327e+01	6.991555e-02
15	1.349847e+01	1.326028e+01	6.727472e-02
16	1.401648e+01	1.330754e+01	7.870118e-02
17	1.399322e+01	1.334788e+01	8.421416e-02
18	1.327577e+01	1.334387e+01	7.949887e-02
19	1.365706e+01	1.336035e+01	7.698383e-02
20	1.328243e+01	1.335646e+01	7.313713e-02
21	1.293715e+01	1.333649e+01	7.237601e-02
22	1.302445e+01	1.332231e+01	7.045038e-02
23	1.259506e+01	1.329069e+01	7.437377e-02
24	1.410118e+01	1.332446e+01	7.880953e-02
25	1.307293e+01	1.331440e+01	7.625808e-02
26	1.279127e+01	1.329428e+01	7.597885e-02
27	1.327310e+01	1.329349e+01	7.311489e-02
28	1.310082e+01	1.328661e+01	7.079051e-02
29	1.374597e+01	1.330245e+01	7.011840e-02
30	1.328127e+01	1.330175e+01	6.774449e-02
31	1.320535e+01	1.329864e+01	6.559650e-02
32	1.297986e+01	1.328867e+01	6.429004e-02
33	1.281184e+01	1.327422e+01	6.396480e-02
34	1.366986e+01	1.328586e+01	6.313654e-02
35	1.328739e+01	1.328590e+01	6.130612e-02
36	1.396318e+01	1.330472e+01	6.247863e-02
37	1.392242e+01	1.332141e+01	6.301816e-02
38	1.327478e+01	1.332019e+01	6.134965e-02
39	1.379944e+01	1.333247e+01	6.100635e-02
40	1.301115e+01	1.332444e+01	6.000179e-02
41	1.305287e+01	1.331782e+01	5.889370e-02
42	1.252857e+01	1.329903e+01	6.046838e-02
43	1.320919e+01	1.329694e+01	5.908234e-02
44	1.296204e+01	1.328933e+01	5.822357e-02
45	1.295739e+01	1.328195e+01	5.739101e-02
46	1.290449e+01	1.327374e+01	5.672614e-02
47	1.306665e+01	1.326934e+01	5.568069e-02
48	1.342748e+01	1.327263e+01	5.460781e-02
49	1.311241e+01	1.326936e+01	5.358163e-02
50	1.303694e+01	1.326471e+01	5.270446e-02
51	1.275046e+01	1.325463e+01	5.263559e-02
52	1.354955e+01	1.326030e+01	5.192411e-02
53	1.320973e+01	1.325935e+01	5.094392e-02
54	1.369823e+01	1.326748e+01	5.064798e-02
55	1.285201e+01	1.325992e+01	5.028915e-02
56	1.325133e+01	1.325977e+01	4.938321e-02
57	1.263451e+01	1.324880e+01	4.973392e-02
58	1.295620e+01	1.324375e+01	4.912862e-02
59	1.312498e+01	1.324174e+01	4.833070e-02
60	1.359842e+01	1.324769e+01	4.788877e-02
61	1.346712e+01	1.325128e+01	4.723435e-02
62	1.357174e+01	1.325645e+01	4.675284e-02
63	1.324776e+01	1.325631e+01	4.600495e-02
64	1.329328e+01	1.325689e+01	4.528410e-02
65	1.212342e+01	1.323945e+01	4.787103e-02
66	1.337526e+01	1.324151e+01	4.718502e-02
67	1.318641e+01	1.324069e+01	4.648271e-02
68	1.328141e+01	1.324129e+01	4.579795e-02
69	1.260331e+01	1.323204e+01	4.606674e-02
70	1.309039e+01	1.323002e+01	4.544895e-02
71	1.329393e+01	1.323092e+01	4.481329e-02
72	1.309210e+01	1.322899e+01	4.422855e-02
73	1.433666e+01	1.324416e+01	4.618233e-02
74	1.394606e+01	1.325365e+01	4.653098e-02
75	1.282770e+01	1.324797e+01	4.625634e-02
76	1.306139e+01	1.324551e+01	4.570962e-02
77	1.384897e+01	1.325335e+01	4.578777e-02
78	1.261515e+01	1.324517e+01	4.593157e-02
79	1.297632e+01	1.324177e+01	4.547395e-02
80	1.354075e+01	1.324550e+01	4.505719e-02
81	1.363458e+01	1.325031e+01	4.475596e-02
82	1.320711e+01	1.324978e+01	4.420992e-02
83	1.362276e+01	1.325427e+01	4.390460e-02
84	1.286056e+01	1.324959e+01	4.363126e-02
85	1.389252e+01	1.325715e+01	4.377336e-02
86	1.358499e+01	1.326096e+01	4.342901e-02
87	1.310496e+01	1.325917e+01	4.296436e-02
88	1.280080e+01	1.325396e+01	4.279152e-02
89	1.334825e+01	1.325502e+01	4.232125e-02
90	1.372872e+01	1.326028e+01	4.217807e-02
91	1.371956e+01	1.326533e+01	4.201622e-02
92	1.356387e+01	1.326858e+01	4.168352e-02
93	1.303758e+01	1.326609e+01	4.130762e-02
94	1.327008e+01	1.326613e+01	4.086583e-02
95	1.375650e+01	1.327130e+01	4.076152e-02
96	1.334191e+01	1.327203e+01	4.034140e-02
97	1.386762e+01	1.327817e+01	4.039274e-02
98	1.335607e+01	1.327897e+01	3.998634e-02
99	1.333114e+01	1.327949e+01	3.958389e-02
100	1.380084e+01	1.328471e+01	3.953134e-02
1	8.048098e+00	8.048098e+00	0.000000e+00
2	8.387961e+00	8.218030e+00	1.699314e-01
3	8.065520e+00	8.167193e+00	1.104985e-01
4	8.377961e+00	8.219885e+00	9.424118e-02
5	8.347495e+00	8.245407e+00	7.733182e-02
6	8.225512e+00	8.242091e+00	6.322817e-02
7	8.105697e+00	8.222606e+00	5.687911e-02
8	8.317244e+00	8.234436e+00	5.065931e-02
9	8.460857e+00	8.259594e+00	5.127356e-02
10	7.979135e+00	8.231548e+00	5.375645e-02
11	8.264008e+00	8.234499e+00	4.871400e-02
12	8.402444e+00	8.248494e+00	4.661993e-02
13	8.639948e+00	8.278606e+00	5.240006e-02
14	8.513783e+00	8.295405e+00	5.133906e-02
15	8.163832e+00	8.286633e+00	4.859230e-02
16	8.228919e+00	8.283026e+00	4.559684e-02
17	8.324032e+00	8.285438e+00	4.289864e-02
18	8.182941e+00	8.279744e+00	4.084411e-02
19	8.163442e+00	8.273623e+00	3.911656e-02
20	8.272120e+00	8.273548e+00	3.710930e-02
21	8.296498e+00	8.274641e+00	3.531490e-02
22	8.229436e+00	8.272586e+00	3.373407e-02
23	8.350632e+00	8.275979e+00	3.241214e-02
24	8.345812e+00	8.278889e+00	3.116838e-02
25	8.462265e+00	8.286224e+00	3.078235e-02
26	8.368423e+00	8.289385e+00	2.974323e-02
27	8.379253e+00	8.292714e+00	2.881333e-02
28	8.268584e+00	8.291852e+00	2.777859e-02
29	8.384085e+00	8.295032e+00	2.699163e-02
30	8.512824e+00	8.302292e+00	2.706809e-02
31	8.375909e+00	8.304667e+00	2.628785e-02
32	8.297148e+00	8.304432e+00	2.545419e-02
33	8.147062e+00	8.299663e+00	2.512747e-02
34	8.218154e+00	8.297266e+00	2.449482e-02
35	8.099693e+00	8.291621e+00	2.444537e-02
36	8.300856e+00	8.291877e+00	2.375802e-02
37	8.385285e+00	8.294402e+00	2.324449e-02
38	8.234580e+00	8.292828e+00	2.267923e-02
39	8.122862e+00	8.288470e+00	2.251585e-02
40	8.157308e+00	8.285191e+00	2.218935e-02
41	8.152836e+00	8.281962e+00	2.188082e-02
42	8.381314e+00	8.284328e+00	2.148412e-02
43	8.404131e+00	8.287114e+00	2.116274e-02
44	8.312214e+00	8.287684e+00	2.068404e-02
45	8.360695e+00	8.289307e+00	2.028417e-02
46	7.939688e+00	8.281706e+00	2.124440e-02
47	8.274880e+00	8.281561e+00	2.078798e-02
48	8.137500e+00	8.278560e+00	2.057042e-02
49	8.030242e+00	8.273492e+00	2.077385e-02
50	8.164837e+00	8.271319e+00	2.046981e-02
51	8.148804e+00	8.268917e+00	2.020772e-02
52	8.365882e+00	8.270782e+00	1.990285e-02
53	8.230609e+00	8.270024e+00	1.953842e-02
54	8.248137e+00	8.269618e+00	1.917746e-02
55	8.371375e+00	8.271468e+00	1.891625e-02
56	8.123178e+00	8.268820e+00	1.876319e-02
57	8.438840e+00	8.271803e+00	1.867087e-02
58	8.203716e+00	8.270629e+00	1.838365e-02
59	8.288610e+00	8.270934e+00	1.807195e-02
60	8.233639e+00	8.270312e+00	1.777906e-02
61	8.296152e+00	8.270736e+00	1.749031e-02
62	8.249018e+00	8.270386e+00	1.720946e-02
63	8.219897e+00	8.269584e+00	1.695304e-02
64	8.253692e+00	8.269336e+00	1.668789e-02
65	8.345577e+00	8.270509e+00	1.647097e-02
66	8.240112e+00	8.270048e+00	1.622603e-02
67	8.453719e+00	8.272790e+00	1.621542e-02
68	8.237177e+00	8.272266e+00	1.598376e-02
69	8.159678e+00	8.270634e+00	1.583470e-02
70	8.289736e+00	8.270907e+00	1.560924e-02
71	8.418771e+00	8.272990e+00	1.552811e-02
72	8.231634e+00	8.272415e+00	1.532169e-02
73	8.144765e+00	8.270667e+00	1.521119e-02
74	8.166753e+00	8.269263e+00	1.506979e-02
75	8.231209e+00	8.268755e+00	1.487616e-02
76	8.034139e+00	8.265668e+00	1.500021e-02
77	8.217217e+00	8.265039e+00	1.481749e-02
78	8.039656e+00	8.262149e+00	1.490898e-02
79	8.109286e+00	8.260214e+00	1.484569e-02
80	8.219249e+00	8.259702e+00	1.466789e-02
81	8.307983e+00	8.260298e+00	1.449793e-02
82	8.331311e+00	8.261164e+00	1.434619e-02
83	8.358592e+00	8.262338e+00	1.422082e-02
84	8.300462e+00	8.262792e+00	1.405783e-02
85	8.185561e+00	8.261883e+00	1.392115e-02
86	8.208259e+00	8.261260e+00	1.377244e-02
87	8.236493e+00	8.260975e+00	1.361620e-02
88	8.125076e+00	8.259431e+00	1.354887e-02
89	8.136916e+00	8.258054e+00	1.346632e-02
90	8.273943e+00	8.258231e+00	1.331702e-02
91	7.870022e+00	8.253965e+00	1.384357e-02
92	8.134226e+00	8.252663e+00	1.375399e-02
93	8.157060e+00	8.251635e+00	1.364407e-02
94	8.406970e+00	8.253288e+00	1.359892e-02
95	8.116765e+00	8.251851e+00	1.353154e-02
96	7.998802e+00	8.249215e+00	1.364683e-02
97	8.411598e+00	8.250889e+00	1.360876e-02
98	8.292789e+00	8.251316e+00	1.347597e-02
99	8.172866e+00	8.250524e+00	1.336267e-02
100	8.158643e+00	8.249605e+00	1.326024e-02
1	5.500703e+00	5.500703e+00	0.000000e+00
2	5.484590e+00	5.492647e+00	8.056724e-03
3	5.402007e+00	5.462434e+00	3.056914e-02
4	5.456722e+00	5.461006e+00	2.166275e-02
5	5.497180e+00	5.468241e+00	1.827315e-02
6	5.527268e+00	5.478079e+00	1.787151e-02
7	5.565327e+00	5.490543e+00	1.958291e-02
8	5.442605e+00	5.484550e+00	1.798679e-02
9	5.455844e+00	5.481361e+00	1.618036e-02
10	5.459258e+00	5.479151e+00	1.463997e-02
11	5.366582e+00	5.468917e+00	1.673572e-02
12	5.436604e+00	5.466224e+00	1.551304e-02
13	5.367096e+00	5.458599e+00	1.617946e-02
14	5.591804e+00	5.468114e+00	1.774564e-02
15	5.431252e+00	5.465656e+00	1.670207e-02
16	5.514006e+00	5.468678e+00	1.591292e-02
17	5.474067e+00	5.468995e+00	1.495094e-02
18	5.316868e+00	5.460544e+00	1.643540e-02
19	5.610472e+00	5.468435e+00	1.743433e-02
20	5.436834e+00	5.466855e+00	1.661495e-02
21	5.402431e+00	5.463787e+00	1.609897e-02
22	5.525735e+00	5.466603e+00	1.560590e-02
23	5.496370e+00	5.467897e+00	1.496801e-02
24	5.329304e+00	5.462122e+00	1.545052e-02
25	5.632446e+00	5.468935e+00	1.631065e-02
26	5.563525e+00	5.472573e+00	1.608753e-02
27	5.494120e+00	5.473371e+00	1.550079e-02
28	5.511702e+00	5.474740e+00	1.499953e-02
29	5.601989e+00	5.479128e+00	1.512360e-02
30	5.395498e+00	5.476340e+00	1.487434e-02
31	5.500360e+00	5.477115e+00	1.440738e-02
32	5.568179e+00	5.479961e+00	1.423719e-02
33	5.388835e+00	5.477199e+00	1.407260e-02
34	5.498867e+00	5.477837e+00	1.366729e-02
35	5.497451e+00	5.478397e+00	1.328288e-02
36	5.370543e+00	5.475401e+00	1.325175e-02
37	5.454011e+00	5.474823e+00	1.290158e-02
38	5.528546e+00	5.476237e+00	1.263681e-02
39	5.439281e+00	5.475289e+00	1.234494e-02
40	5.558300e+00	5.477365e+00	1.221001e-02
41	5.411792e+00	5.475765e+00	1.201540e-02
42	5.344472e+00	5.472639e+00	1.213537e-02
43	5.583991e+00	5.475229e+00	1.212945e-02
44	5.404823e+00	5.473629e+00	1.195812e-02
45	5.419509e+00	5.472426e+00	1.175107e-02
46	5.562995e+00	5.474395e+00	1.166020e-02
47	5.616959e+00	5.477428e+00	1.180574e-02
48	5.336120e+00	5.474484e+00	1.192623e-02
49	5.495455e+00	5.474912e+00	1.168814e-02
50	5.495480e+00	5.475324e+00	1.145938e-02
51	5.583946e+00	5.477453e+00	1.143258e-02
52	5.484480e+00	5.477589e+00	1.121138e-02
53	5.455206e+00	5.477166e+00	1.100591e-02
54	5.599614e+00	5.479434e+00	1.103565e-02
55	5.456126e+00	5.479010e+00	1.084143e-02
56	5.607134e+00	5.481298e+00	1.088915e-02
57	5.488969e+00	5.481432e+00	1.069725e-02
58	5.484995e+00	5.481494e+00	1.051138e-02
59	5.468221e+00	5.481269e+00	1.033413e-02
60	5.584860e+00	5.482995e+00	1.030608e-02
61	5.500278e+00	5.483279e+00	1.013968e-02
62	5.510850e+00	5.483723e+00	9.984703e-03
63	5.440656e+00	5.483040e+00	9.848692e-03
64	5.473753e+00	5.482895e+00	9.694671e-03
65	5.487465e+00	5.482965e+00	9.544616e-03
66	5.535633e+00	5.483763e+00	9.432703e-03
67	5.489703e+00	5.483852e+00	9.291272e-03
68	5.623412e+00	5.485904e+00	9.380879e-03
69	5.497749e+00	5.486076e+00	9.245518e-03
70	5.420945e+00	5.485145e+00	9.159861e-03
71	5.495246e+00	5.485288e+00	9.031048e-03
72	5.548443e+00	5.486165e+00	8.947832e-03
73	5.475048e+00	5.486012e+00	8.825722e-03
74	5.434379e+00	5.485315e+00	8.733556e-03
75	5.520529e+00	5.485784e+00	8.629104e-03
76	5.750921e+00	5.489273e+00	9.201767e-03
77	5.535866e+00	5.489878e+00	9.101614e-03
78	5.504666e+00	5.490068e+00	8.986169e-03
79	5.467262e+00	5.489779e+00	8.876386e-03
80	5.545813e+00	5.490479e+00	8.792671e-03
81	5.516886e+00	5.490805e+00	8.689559e-03
82	5.390005e+00	5.489576e+00	8.670517e-03
83	5.393015e+00	5.488413e+00	8.644063e-03
84	5.487977e+00	5.488407e+00	8.540539e-03
85	5.531306e+00	5.488912e+00	8.454541e-03
86	5.452249e+00	5.488486e+00	8.366523e-03
87	5.431094e+00	5.487826e+00	8.296066e-03
88	5.530607e+00	5.488312e+00	8.215646e-03
89	5.439161e+00	5.487760e+00	8.141563e-03
90	5.336934e+00	5.486084e+00	8.223170e-03
91	5.364342e+00	5.484746e+00	8.241609e-03
92	5.374275e+00	5.483546e+00	8.239500e-03
93	5.482744e+00	5.483537e+00	8.150427e-03
94	5.529037e+00	5.484021e+00	8.077769e-03
95	5.484587e+00	5.484027e+00	7.992290e-03
96	5.455606e+00	5.483731e+00	7.914138e-03
97	5.442142e+00	5.483302e+00	7.843850e-03
98	5.495664e+00	5.483428e+00	7.764423e-03
99	5.456767e+00	5.483159e+00	7.690311e-03
100	5.512991e+00	5.483457e+00	7.618862e-03
1	3.956230e+00	3.956230e+00	0.000000e+00
2	3.940841e+00	3.948536e+00	7.694375e-03
3	3.926480e+00	3.941184e+00	8.589893e-03
4	3.898705e+00	3.930564e+00	1.223395e-02
5	3.954140e+00	3.935279e+00	1.058461e-02
6	3.922428e+00	3.933137e+00	8.903771e-03
7	3.915052e+00	3.930554e+00	7.956252e-03
8	3.895326e+00	3.926150e+00	8.177231e-03
9	3.914665e+00	3.924874e+00	7.323671e-03
10	3.981845e+00	3.930571e+00	8.681358e-03
11	3.917578e+00	3.929390e+00	7.940930e-03
12	3.926175e+00	3.929122e+00	7.253993e-03
13	3.960744e+00	3.931555e+00	7.102245e-03
14	3.941855e+00	3.932290e+00	6.616439e-03
15	3.911013e+00	3.930872e+00	6.320785e-03
16	3.919345e+00	3.930151e+00	5.956281e-03
17	3.881234e+00	3.927274e+00	6.291539e-03
18	3.880573e+00	3.924679e+00	6.474313e-03
19	3.896714e+00	3.923208e+00	6.298481e-03
20	3.901422e+00	3.922118e+00	6.073737e-03
21	3.878953e+00	3.920063e+00	6.132046e-03
22	3.933378e+00	3.920668e+00	5.877917e-03
23	3.916931e+00	3.920506e+00	5.618894e-03
24	3.951943e+00	3.921815e+00	5.536862e-03
25	3.910051e+00	3.921345e+00	5.331578e-03
26	3.917873e+00	3.921211e+00	5.124155e-03
27	3.990189e+00	3.923766e+00	5.553255e-03
28	3.973880e+00	3.925556e+00	5.642621e-03
29	3.878408e+00	3.923930e+00	5.682123e-03
30	3.942612e+00	3.924553e+00	5.524662e-03
31	3.959341e+00	3.925675e+00	5.460040e-03
32	3.869954e+00	3.923934e+00	5.566047e-03
33	3.970358e+00	3.925341e+00	5.575149e-03
34	3.971075e+00	3.926686e+00	5.573447e-03
35	3.975737e+00	3.928087e+00	5.590385e-03
36	3.971486e+00	3.929293e+00	5.565019e-03
37	3.992133e+00	3.930991e+00	5.672739e-03
38	3.888244e+00	3.929866e+00	5.634869e-03
39	3.907087e+00	3.929282e+00	5.519475e-03
40	3.950081e+00	3.929802e+00	5.404790e-03
41	3.970393e+00	3.930792e+00	5.363483e-03
42	3.958721e+00	3.931457e+00	5.276294e-03
43	3.982665e+00	3.932648e+00	5.287971e-03
44	3.900915e+00	3.931927e+00	5.216488e-03
45	3.864691e+00	3.930433e+00	5.313640e-03
46	3.919312e+00	3.930191e+00	5.202462e-03
47	3.965826e+00	3.930949e+00	5.146721e-03
48	3.846465e+00	3.929189e+00	5.336942e-03
49	3.933140e+00	3.929270e+00	5.227512e-03
50	3.953644e+00	3.929757e+00	5.145041e-03
51	3.863010e+00	3.928448e+00	5.210203e-03
52	3.900378e+00	3.927908e+00	5.137463e-03
53	3.927725e+00	3.927905e+00	5.039599e-03
54	3.991367e+00	3.929080e+00	5.083112e-03
55	3.915042e+00	3.928825e+00	4.996360e-03
56	3.890926e+00	3.928148e+00	4.952785e-03
57	3.936599e+00	3.928296e+00	4.867377e-03
58	3.883377e+00	3.927522e+00	4.845019e-03
59	3.967652e+00	3.928202e+00	4.810520e-03
60	3.850834e+00	3.926913e+00	4.902291e-03
61	3.885971e+00	3.926242e+00	4.867748e-03
62	3.936680e+00	3.926410e+00	4.791552e-03
63	3.944494e+00	3.926697e+00	4.723612e-03
64	3.938942e+00	3.926888e+00	4.653155e-03
65	3.933800e+00	3.926995e+00	4.582243e-03
66	3.935999e+00	3.927131e+00	4.514343e-03
67	3.990100e+00	3.928071e+00	4.544694e-03
68	3.909122e+00	3.927792e+00	4.486025e-03
69	3.935605e+00	3.927905e+00	4.421982e-03
70	3.863835e+00	3.926990e+00	4.453427e-03
71	3.873299e+00	3.926234e+00	4.454906e-03
72	3.823944e+00	3.924813e+00	4.616629e-03
73	3.849764e+00	3.923785e+00	4.667577e-03
74	3.898140e+00	3.923439e+00	4.617094e-03
75	3.883480e+00	3.922906e+00	4.586170e-03
76	3.970023e+00	3.923526e+00	4.567692e-03
77	3.975613e+00	3.924202e+00	4.558453e-03
78	3.968080e+00	3.924765e+00	4.534658e-03
79	3.913771e+00	3.924626e+00	4.479052e-03
80	3.958550e+00	3.925050e+00	4.442993e-03
81	3.941866e+00	3.925257e+00	4.392707e-03
82	3.957554e+00	3.925651e+00	4.356648e-03
83	3.973450e+00	3.926227e+00	4.342196e-03
84	3.958188e+00	3.926608e+00	4.307031e-03
85	3.912143e+00	3.926437e+00	4.259459e-03
86	3.947487e+00	3.926682e+00	4.216748e-03
87	3.917361e+00	3.926575e+00	4.169375e-03
88	3.947693e+00	3.926815e+00	4.128703e-03
89	4.009308e+00	3.927742e+00	4.185959e-03
90	3.907599e+00	3.927518e+00	4.145233e-03
91	3.985630e+00	3.928157e+00	4.148868e-03
92	3.950319e+00	3.928398e+00	4.110589e-03
93	3.930272e+00	3.928418e+00	4.066199e-03
94	3.963800e+00	3.928794e+00	4.040280e-03
95	3.935453e+00	3.928864e+00	3.998139e-03
96	3.920772e+00	3.928780e+00	3.957171e-03
97	3.877328e+00	3.928249e+00	3.951923e-03
98	4.003210e+00	3.929014e+00	3.985479e-03
99	3.955487e+00	3.929282e+00	3.954068e-03
100	3.973289e+00	3.929722e+00	3.938988e-03
1	3.002620e+00	3.002620e+00	0.000000e+00
2	2.955638e+00	2.979129e+00	2.349088e-02
3	2.987363e+00	2.981874e+00	1.383741e-02
4	2.960213e+00	2.976459e+00	1.118311e-02
5	2.969763e+00	2.975120e+00	8.765301e-03
6	2.978517e+00	2.975686e+00	7.179208e-03
7	2.962322e+00	2.973777e+00	6.360788e-03
8	2.935299e+00	2.968967e+00	7.312849e-03
9	2.949046e+00	2.966754e+00	6.818611e-03
10	2.970468e+00	2.967125e+00	6.110051e-03
11	2.948734e+00	2.965453e+00	5.774094e-03
12	2.972483e+00	2.966039e+00	5.303461e-03
13	2.978227e+00	2.966977e+00	4.967742e-03
14	2.982972e+00	2.968119e+00	4.739025e-03
15	2.968060e+00	2.968115e+00	4.411794e-03
16	2.978336e+00	2.968754e+00	4.176002e-03
17	2.962553e+00	2.968389e+00	3.939593e-03
18	2.949836e+00	2.967358e+00	3.854652e-03
19	2.942542e+00	2.966052e+00	3.873017e-03
20	2.994319e+00	2.967466e+00	3.936727e-03
21	2.977587e+00	2.967948e+00	3.775466e-03
22	2.953415e+00	2.967287e+00	3.659869e-03
23	2.929584e+00	2.965648e+00	3.862256e-03
24	3.014415e+00	2.967680e+00	4.219333e-03
25	2.966988e+00	2.967652e+00	4.047137e-03
26	2.949638e+00	2.966959e+00	3.949609e-03
27	2.931183e+00	2.965634e+00	4.024881e-03
28	2.969199e+00	2.965762e+00	3.880562e-03
29	2.987455e+00	2.966510e+00	3.818353e-03
30	2.980602e+00	2.966979e+00	3.718668e-03
31	2.916865e+00	2.965363e+00	3.943312e-03
32	3.014766e+00	2.966907e+00	4.118412e-03
33	2.921688e+00	2.965536e+00	4.220304e-03
34	2.970094e+00	2.965670e+00	4.096490e-03
35	3.004350e+00	2.966776e+00	4.128395e-03
36	2.938272e+00	2.965984e+00	4.089458e-03
37	2.917147e+00	2.964664e+00	4.190689e-03
38	2.969292e+00	2.964786e+00	4.080736e-03
39	2.998178e+00	2.965642e+00	4.065897e-03
40	2.930674e+00	2.964768e+00	4.058224e-03
41	2.922803e+00	2.963744e+00	4.088203e-03
42	2.951136e+00	2.963444e+00	4.000956e-03
43	2.923215e+00	2.962508e+00	4.017260e-03
44	2.978549e+00	2.962873e+00	3.941792e-03
45	2.988811e+00	2.963449e+00	3.896075e-03
46	2.954900e+00	2.963263e+00	3.814966e-03
47	3.031074e+00	2.964706e+00	4.002029e-03
48	2.937546e+00	2.964140e+00	3.958418e-03
49	2.961246e+00	2.964081e+00	3.877242e-03
50	2.974238e+00	2.964284e+00	3.804333e-03
51	2.924817e+00	2.963511e+00	3.808447e-03
52	2.963288e+00	2.963506e+00	3.734492e-03
53	2.986325e+00	2.963937e+00	3.688567e-03
54	2.987081e+00	2.964365e+00	3.644901e-03
55	2.953352e+00	2.964165e+00	3.583615e-03
56	2.970939e+00	2.964286e+00	3.521119e-03
57	2.950703e+00	2.964048e+00	3.466992e-03
58	2.960574e+00	2.963988e+00	3.407219e-03
59	2.935139e+00	2.963499e+00	3.384480e-03
60	2.944087e+00	2.963175e+00	3.343285e-03
61	2.931219e+00	2.962652e+00	3.329495e-03
62	2.973692e+00	2.962830e+00	3.280190e-03
63	2.972330e+00	2.962980e+00	3.231224e-03
64	2.973367e+00	2.963143e+00	3.184474e-03
65	3.010120e+00	2.963865e+00	3.217324e-03
66	2.969165e+00	2.963946e+00	3.169219e-03
67	2.945443e+00	2.963670e+00	3.133750e-03
68	2.965276e+00	2.963693e+00	3.087412e-03
69	2.959665e+00	2.963635e+00	3.042898e-03
70	2.979143e+00	2.963856e+00	3.007284e-03
71	2.959193e+00	2.963791e+00	2.965353e-03
72	2.945449e+00	2.963536e+00	2.934955e-03
73	2.944038e+00	2.963269e+00	2.906768e-03
74	3.012422e+00	2.963933e+00	2.943154e-03
75	2.967288e+00	2.963978e+00	2.903991e-03
76	2.955100e+00	2.963861e+00	2.867906e-03
77	2.957939e+00	2.963784e+00	2.831460e-03
78	2.966271e+00	2.963816e+00	2.795105e-03
79	2.906622e+00	2.963092e+00	2.852887e-03
80	3.045510e+00	2.964122e+00	2.999475e-03
81	2.992196e+00	2.964469e+00	2.982420e-03
82	2.943417e+00	2.964212e+00	2.956990e-03
83	2.943702e+00	2.963965e+00	2.931580e-03
84	2.919532e+00	2.963436e+00	2.944375e-03
85	3.004500e+00	2.963919e+00	2.949365e-03
86	2.973842e+00	2.964034e+00	2.917151e-03
87	2.994457e+00	2.964384e+00	2.904551e-03
88	2.987596e+00	2.964648e+00	2.883444e-03
89	2.951045e+00	2.964495e+00	2.854956e-03
90	2.934882e+00	2.964166e+00	2.842167e-03
91	2.924347e+00	2.963728e+00	2.844617e-03
92	2.958825e+00	2.963675e+00	2.814032e-03
93	2.966044e+00	2.963701e+00	2.783726e-03
94	2.932597e+00	2.963370e+00	2.773760e-03
95	2.981211e+00	2.963558e+00	2.750826e-03
96	2.969213e+00	2.963616e+00	2.722658e-03
97	2.941679e+00	2.963390e+00	2.703918e-03
98	3.008678e+00	2.963852e+00	2.715789e-03
99	2.951205e+00	2.963725e+00	2.691251e-03
100	2.980807e+00	2.963896e+00	2.669674e-03
1	2.311601e+00	2.311601e+00	0.000000e+00
2	2.276638e+00	2.294120e+00	1.748147e-02
3	2.340148e+00	2.309463e+00	1.836474e-02
4	2.338210e+00	2.316649e+00	1.484192e-02
5	2.321072e+00	2.317534e+00	1.153047e-02
6	2.360271e+00	2.324657e+00	1.180547e-02
7	2.371848e+00	2.331398e+00	1.204158e-02
8	2.352300e+00	2.334011e+00	1.075063e-02
9	2.332756e+00	2.333872e+00	9.482191e-03
10	2.320937e+00	2.332578e+00	8.579192e-03
11	2.319380e+00	2.331378e+00	7.852375e-03
12	2.333167e+00	2.331527e+00	7.169755e-03
13	2.332570e+00	2.331608e+00	6.595703e-03
14	2.353228e+00	2.333152e+00	6.298682e-03
15	2.332005e+00	2.333075e+00	5.864253e-03
16	2.338227e+00	2.333397e+00	5.494946e-03
17	2.380575e+00	2.336173e+00	5.860355e-03
18	2.339805e+00	2.336374e+00	5.528880e-03
19	2.323598e+00	2.335702e+00	5.272848e-03
20	2.290974e+00	2.333466e+00	5.479434e-03
21	2.379367e+00	2.335651e+00	5.651768e-03
22	2.341030e+00	2.335896e+00	5.394293e-03
23	2.350246e+00	2.336520e+00	5.192049e-03
24	2.317215e+00	2.335715e+00	5.035663e-03
25	2.369080e+00	2.337050e+00	5.011028e-03
26	2.313454e+00	2.336142e+00	4.899228e-03
27	2.340673e+00	2.336310e+00	4.717269e-03
28	2.349368e+00	2.336777e+00	4.569532e-03
29	2.319386e+00	2.336177e+00	4.449740e-03
30	2.333532e+00	2.336089e+00	4.299761e-03
31	2.359855e+00	2.336855e+00	4.228819e-03
32	2.342517e+00	2.337032e+00	4.098358e-03
33	2.329926e+00	2.336817e+00	3.978058e-03
34	2.346745e+00	2.337109e+00	3.870314e-03
35	2.331223e+00	2.336941e+00	3.761868e-03
36	2.295953e+00	2.335802e+00	3.829065e-03
37	2.363506e+00	2.336551e+00	3.798665e-03
38	2.326417e+00	2.336284e+00	3.706955e-03
39	2.370176e+00	2.337153e+00	3.713761e-03
40	2.335189e+00	2.337104e+00	3.620059e-03
41	2.321211e+00	2.336717e+00	3.551877e-03
42	2.347639e+00	2.336977e+00	3.476020e-03
43	2.338337e+00	2.337008e+00	3.394367e-03
44	2.322071e+00	2.336669e+00	3.333655e-03
45	2.323930e+00	2.336386e+00	3.271004e-03
46	2.330016e+00	2.336247e+00	3.202101e-03
47	2.345169e+00	2.336437e+00	3.138975e-03
48	2.384973e+00	2.337448e+00	3.234975e-03
49	2.333289e+00	2.337363e+00	3.169404e-03
50	2.358687e+00	2.337790e+00	3.134516e-03
51	2.317366e+00	2.337389e+00	3.098428e-03
52	2.330867e+00	2.337264e+00	3.040847e-03
53	2.324480e+00	2.337023e+00	2.992657e-03
54	2.324666e+00	2.336794e+00	2.945617e-03
55	2.344178e+00	2.336928e+00	2.894679e-03
56	2.322145e+00	2.336664e+00	2.854751e-03
57	2.355093e+00	2.336987e+00	2.822796e-03
58	2.372249e+00	2.337595e+00	2.839548e-03
59	2.310440e+00	2.337135e+00	2.828701e-03
60	2.312011e+00	2.336716e+00	2.812503e-03
61	2.304620e+00	2.336190e+00	2.815614e-03
62	2.347409e+00	2.336371e+00	2.775733e-03
63	2.351487e+00	2.336611e+00	2.741837e-03
64	2.322213e+00	2.336386e+00	2.708016e-03
65	2.315479e+00	2.336064e+00	2.685362e-03
66	2.349738e+00	2.336272e+00	2.652465e-03
67	2.350937e+00	2.336491e+00	2.621730e-03
68	2.318045e+00	2.336219e+00	2.597092e-03
69	2.308207e+00	2.335813e+00	2.591176e-03
70	2.356100e+00	2.336103e+00	2.570282e-03
71	2.352814e+00	2.336338e+00	2.544730e-03
72	2.330353e+00	2.336255e+00	2.510514e-03
73	2.330775e+00	2.336180e+00	2.477023e-03
74	2.357310e+00	2.336466e+00	2.459949e-03
75	2.337816e+00	2.336484e+00	2.426994e-03
76	2.320680e+00	2.336276e+00	2.403858e-03
77	2.346394e+00	2.336407e+00	2.376070e-03
78	2.363397e+00	2.336753e+00	2.370796e-03
79	2.330200e+00	2.336670e+00	2.342063e-03
80	2.385768e+00	2.337284e+00	2.392650e-03
81	2.321914e+00	2.337094e+00	2.370533e-03
82	2.331117e+00	2.337021e+00	2.342580e-03
83	2.343514e+00	2.337100e+00	2.315506e-03
84	2.370794e+00	2.337501e+00	2.322674e-03
85	2.331195e+00	2.337427e+00	2.296384e-03
86	2.350898e+00	2.337583e+00	2.274924e-03
87	2.338557e+00	2.337594e+00	2.248651e-03
88	2.326880e+00	2.337473e+00	2.226283e-03
89	2.363678e+00	2.337767e+00	2.220733e-03
90	2.332000e+00	2.337703e+00	2.196854e-03
91	2.300396e+00	2.337293e+00	2.210921e-03
92	2.306665e+00	2.336960e+00	2.211954e-03
93	2.319004e+00	2.336767e+00	2.196543e-03
94	2.347622e+00	2.336883e+00	2.176116e-03
95	2.383197e+00	2.337370e+00	2.207591e-03
96	2.312591e+00	2.337112e+00	2.199670e-03
97	2.376362e+00	2.337517e+00	2.214163e-03
98	2.328103e+00	2.337421e+00	2.193557e-03
99	2.319183e+00	2.337236e+00	2.179087e-03
100	2.359899e+00	2.337463e+00	2.169058e-03
1	1.889172e+00	1.889172e+00	0.000000e+00
2	1.911386e+00	1.900279e+00	1.110702e-02
3	1.912915e+00	1.904491e+00	7.672311e-03
4	1.899836e+00	1.903327e+00	5.548563e-03
5	1.905574e+00	1.903776e+00	4.321336e-03
6	1.897229e+00	1.902685e+00	3.693227e-03
7	1.919689e+00	1.905114e+00	3.955173e-03
8	1.891270e+00	1.903384e+00	3.837635e-03
9	1.904463e+00	1.903504e+00	3.386598e-03
10	1.872333e+00	1.900387e+00	4.346380e-03
11	1.895980e+00	1.899986e+00	3.951805e-03
12	1.923677e+00	1.901960e+00	4.112390e-03
13	1.921391e+00	1.903455e+00	4.067423e-03
14	1.898715e+00	1.903116e+00	3.780891e-03
15	1.908686e+00	1.903488e+00	3.539345e-03
16	1.903919e+00	1.903515e+00	3.310864e-03
17	1.903178e+00	1.903495e+00	3.110078e-03
18	1.912538e+00	1.903997e+00	2.974940e-03
19	1.913904e+00	1.904519e+00	2.861912e-03
20	1.919355e+00	1.905260e+00	2.814570e-03
21	1.924588e+00	1.906181e+00	2.830969e-03
22	1.918741e+00	1.906752e+00	2.758943e-03
23	1.887022e+00	1.905894e+00	2.772316e-03
24	1.937377e+00	1.907206e+00	2.960756e-03
25	1.916578e+00	1.907581e+00	2.864494e-03
26	1.872370e+00	1.906226e+00	3.067271e-03
27	1.917385e+00	1.906640e+00	2.980280e-03
28	1.896359e+00	1.906273e+00	2.895243e-03
29	1.895352e+00	1.905896e+00	2.818891e-03
30	1.890144e+00	1.905371e+00	2.773464e-03
31	1.873580e+00	1.904345e+00	2.871853e-03
32	1.882304e+00	1.903657e+00	2.864697e-03
33	1.891090e+00	1.903276e+00	2.802522e-03
34	1.887443e+00	1.902810e+00	2.758436e-03
35	1.894866e+00	1.902583e+00	2.688065e-03
36	1.899755e+00	1.902505e+00	2.613510e-03
37	1.879941e+00	1.901895e+00	2.614023e-03
38	1.934017e+00	1.902740e+00	2.681053e-03
39	1.903828e+00	1.902768e+00	2.611552e-03
40	1.886875e+00	1.902371e+00	2.576248e-03
41	1.930269e+00	1.903051e+00	2.603135e-03
42	1.904657e+00	1.903089e+00	2.540687e-03
43	1.894938e+00	1.902900e+00	2.488130e-03
44	1.887678e+00	1.902554e+00	2.455417e-03
45	1.879865e+00	1.902050e+00	2.452615e-03
46	1.897925e+00	1.901960e+00	2.400380e-03
47	1.915057e+00	1.902239e+00	2.365227e-03
48	1.894052e+00	1.902068e+00	2.321700e-03
49	1.920317e+00	1.902440e+00	2.304124e-03
50	1.912712e+00	1.902646e+00	2.266898e-03
51	1.930849e+00	1.903199e+00	2.289786e-03
52	1.880865e+00	1.902769e+00	2.286031e-03
53	1.886115e+00	1.902455e+00	2.264392e-03
54	1.861578e+00	1.901698e+00	2.347466e-03
55	1.905228e+00	1.901762e+00	2.305283e-03
56	1.895116e+00	1.901644e+00	2.266852e-03
57	1.913579e+00	1.901853e+00	2.236551e-03
58	1.905771e+00	1.901921e+00	2.198689e-03
59	1.903068e+00	1.901940e+00	2.161190e-03
60	1.909342e+00	1.902063e+00	2.128442e-03
61	1.858742e+00	1.901353e+00	2.210451e-03
62	1.909893e+00	1.901491e+00	2.178864e-03
63	1.913513e+00	1.901682e+00	2.152475e-03
64	1.894620e+00	1.901571e+00	2.121447e-03
65	1.893216e+00	1.901443e+00	2.092506e-03
66	1.887477e+00	1.901231e+00	2.071394e-03
67	1.922664e+00	1.901551e+00	2.065170e-03
68	1.922870e+00	1.901865e+00	2.058585e-03
69	1.891680e+00	1.901717e+00	2.033895e-03
70	1.902058e+00	1.901722e+00	2.004634e-03
71	1.910977e+00	1.901852e+00	1.980493e-03
72	1.933321e+00	1.902289e+00	2.001105e-03
73	1.927206e+00	1.902631e+00	2.002800e-03
74	1.900733e+00	1.902605e+00	1.975717e-03
75	1.867890e+00	1.902142e+00	2.003400e-03
76	1.883250e+00	1.901894e+00	1.992431e-03
77	1.943082e+00	1.902429e+00	2.037844e-03
78	1.893666e+00	1.902316e+00	2.014683e-03
79	1.876829e+00	1.901994e+00	2.015012e-03
80	1.898537e+00	1.901950e+00	1.990134e-03
81	1.914306e+00	1.902103e+00	1.971322e-03
82	1.918951e+00	1.902308e+00	1.957944e-03
83	1.901641e+00	1.902300e+00	1.934227e-03
84	1.906473e+00	1.902350e+00	1.911707e-03
85	1.923026e+00	1.902593e+00	1.904680e-03
86	1.918121e+00	1.902774e+00	1.891041e-03
87	1.901028e+00	1.902754e+00	1.869286e-03
88	1.905407e+00	1.902784e+00	1.848168e-03
89	1.888938e+00	1.902628e+00	1.833895e-03
90	1.882651e+00	1.902406e+00	1.826939e-03
91	1.906864e+00	1.902455e+00	1.807415e-03
92	1.923550e+00	1.902685e+00	1.802306e-03
93	1.910411e+00	1.902768e+00	1.784755e-03
94	1.881338e+00	1.902540e+00	1.780323e-03
95	1.917084e+00	1.902693e+00	1.768124e-03
96	1.913340e+00	1.902804e+00	1.753121e-03
97	1.902636e+00	1.902802e+00	1.734955e-03
98	1.905836e+00	1.902833e+00	1.717439e-03
99	1.882102e+00	1.902624e+00	1.712851e-03
100	1.908078e+00	1.902678e+00	1.696513e-03
1	1.619215e+00	1.619215e+00	0.000000e+00
2	1.580058e+00	1.599637e+00	1.957850e-02
3	1.590788e+00	1.596687e+00	1.168216e-02
4	1.589927e+00	1.594997e+00	8.431644e-03
5	1.587042e+00	1.593406e+00	6.722104e-03
6	1.604815e+00	1.595307e+00	5.808638e-03
7	1.597551e+00	1.595628e+00	4.919645e-03
8	1.605461e+00	1.596857e+00	4.434274e-03
9	1.583175e+00	1.595337e+00	4.195738e-03
10	1.608744e+00	1.596678e+00	3.985074e-03
11	1.602846e+00	1.597238e+00	3.647988e-03
12	1.589793e+00	1.596618e+00	3.387440e-03
13	1.580605e+00	1.595386e+00	3.350607e-03
14	1.576352e+00	1.594027e+00	3.386925e-03
15	1.604921e+00	1.594753e+00	3.235620e-03
16	1.586193e+00	1.594218e+00	3.073567e-03
17	1.600514e+00	1.594588e+00	2.910773e-03
18	1.603630e+00	1.595090e+00	2.789894e-03
19	1.585101e+00	1.594565e+00	2.690843e-03
20	1.608270e+00	1.595250e+00	2.643135e-03
21	1.587377e+00	1.594875e+00	2.541925e-03
22	1.601547e+00	1.595178e+00	2.442531e-03
23	1.603914e+00	1.595558e+00	2.364619e-03
24	1.603563e+00	1.595892e+00	2.288388e-03
25	1.600511e+00	1.596076e+00	2.202710e-03
26	1.595960e+00	1.596072e+00	2.116300e-03
27	1.576465e+00	1.595346e+00	2.162015e-03
28	1.577609e+00	1.594712e+00	2.177549e-03
29	1.580953e+00	1.594238e+00	2.154020e-03
30	1.568771e+00	1.593389e+00	2.247471e-03
31	1.614757e+00	1.594078e+00	2.280428e-03
32	1.600816e+00	1.594289e+00	2.218030e-03
33	1.595557e+00	1.594327e+00	2.150110e-03
34	1.581827e+00	1.593960e+00	2.118064e-03
35	1.599386e+00	1.594115e+00	2.062493e-03
36	1.619696e+00	1.594825e+00	2.126612e-03
37	1.566608e+00	1.594063e+00	2.204454e-03
38	1.594590e+00	1.594076e+00	2.145703e-03
39	1.571413e+00	1.593495e+00	2.169244e-03
40	1.592401e+00	1.593468e+00	2.114494e-03
41	1.582261e+00	1.593195e+00	2.080312e-03
42	1.585901e+00	1.593021e+00	2.037590e-03
43	1.594706e+00	1.593060e+00	1.990026e-03
44	1.586151e+00	1.592903e+00	1.950602e-03
45	1.589337e+00	1.592824e+00	1.908409e-03
46	1.595326e+00	1.592878e+00	1.867254e-03
47	1.595578e+00	1.592936e+00	1.827996e-03
48	1.601369e+00	1.593111e+00	1.798112e-03
49	1.605243e+00	1.593359e+00	1.778352e-03
50	1.584655e+00	1.593185e+00	1.751096e-03
51	1.590015e+00	1.593123e+00	1.717542e-03
52	1.589379e+00	1.593051e+00	1.685727e-03
53	1.583707e+00	1.592874e+00	1.662986e-03
54	1.584047e+00	1.592711e+00	1.640067e-03
55	1.596816e+00	1.592786e+00	1.611701e-03
56	1.604763e+00	1.593000e+00	1.597045e-03
57	1.586893e+00	1.592892e+00	1.572430e-03
58	1.587892e+00	1.592806e+00	1.547485e-03
59	1.594103e+00	1.592828e+00	1.521189e-03
60	1.606942e+00	1.593063e+00	1.514006e-03
61	1.585294e+00	1.592936e+00	1.494416e-03
62	1.582568e+00	1.592769e+00	1.479596e-03
63	1.572341e+00	1.592445e+00	1.491591e-03
64	1.574736e+00	1.592168e+00	1.493948e-03
65	1.617670e+00	1.592560e+00	1.522214e-03
66	1.573750e+00	1.592275e+00	1.525826e-03
67	1.595204e+00	1.592319e+00	1.503516e-03
68	1.584369e+00	1.592202e+00	1.485847e-03
69	1.582677e+00	1.592064e+00	1.470648e-03
70	1.575108e+00	1.591822e+00	1.469587e-03
71	1.582037e+00	1.591684e+00	1.455281e-03
72	1.600341e+00	1.591804e+00	1.439956e-03
73	1.570300e+00	1.591510e+00	1.450324e-03
74	1.593540e+00	1.591537e+00	1.430854e-03
75	1.573355e+00	1.591295e+00	1.432312e-03
76	1.572523e+00	1.591048e+00	1.434760e-03
77	1.598198e+00	1.591140e+00	1.419046e-03
78	1.614720e+00	1.591443e+00	1.432985e-03
79	1.606668e+00	1.591635e+00	1.427797e-03
80	1.581611e+00	1.591510e+00	1.415394e-03
81	1.592586e+00	1.591523e+00	1.397874e-03
82	1.595849e+00	1.591576e+00	1.381729e-03
83	1.597029e+00	1.591642e+00	1.366560e-03
84	1.603570e+00	1.591784e+00	1.357640e-03
85	1.590013e+00	1.591763e+00	1.341735e-03
86	1.588507e+00	1.591725e+00	1.326582e-03
87	1.588987e+00	1.591694e+00	1.311622e-03
88	1.601229e+00	1.591802e+00	1.301152e-03
89	1.586455e+00	1.591742e+00	1.287851e-03
90	1.592703e+00	1.591753e+00	1.273506e-03
91	1.606725e+00	1.591917e+00	1.270135e-03
92	1.589103e+00	1.591887e+00	1.256626e-03
93	1.598160e+00	1.591954e+00	1.244869e-03
94	1.596372e+00	1.592001e+00	1.232451e-03
95	1.562373e+00	1.591689e+00	1.258659e-03
96	1.618727e+00	1.591971e+00	1.276925e-03
97	1.601804e+00	1.592072e+00	1.267752e-03
98	1.603757e+00	1.592191e+00	1.260401e-03
99	1.582078e+00	1.592089e+00	1.251780e-03
100	1.598700e+00	1.592155e+00	1.240961e-03
1	1.354862e+00	1.354862e+00	0.000000e+00
2	1.355011e+00	1.354937e+00	7.448758e-05
3	1.372326e+00	1.360733e+00	5.796539e-03
4	1.352607e+00	1.358702e+00	4.574566e-03
5	1.348201e+00	1.356601e+00	4.119055e-03
6	1.362543e+00	1.357592e+00	3.505933e-03
7	1.352448e+00	1.356857e+00	3.052814e-03
8	1.373679e+00	1.358960e+00	3.378100e-03
9	1.362358e+00	1.359337e+00	3.003032e-03
10	1.353880e+00	1.358792e+00	2.740860e-03
11	1.358983e+00	1.358809e+00	2.479262e-03
12	1.377680e+00	1.360382e+00	2.755980e-03
13	1.365696e+00	1.360790e+00	2.567886e-03
14	1.340603e+00	1.359348e+00	2.780526e-03
15	1.352527e+00	1.358894e+00	2.628175e-03
16	1.341886e+00	1.357831e+00	2.678405e-03
17	1.361468e+00	1.358045e+00	2.525003e-03
18	1.362686e+00	1.358302e+00	2.394520e-03
19	1.357780e+00	1.358275e+00	2.265156e-03
20	1.356568e+00	1.358190e+00	2.150610e-03
21	1.379105e+00	1.359185e+00	2.275208e-03
22	1.351222e+00	1.358824e+00	2.199315e-03
23	1.360892e+00	1.358913e+00	2.103442e-03
24	1.368892e+00	1.359329e+00	2.056365e-03
25	1.353972e+00	1.359115e+00	1.984001e-03
26	1.359553e+00	1.359132e+00	1.906241e-03
27	1.377452e+00	1.359810e+00	1.955753e-03
28	1.350574e+00	1.359480e+00	1.913263e-03
29	1.363416e+00	1.359616e+00	1.851092e-03
30	1.340316e+00	1.358973e+00	1.900527e-03
31	1.353563e+00	1.358798e+00	1.846462e-03
32	1.358591e+00	1.358792e+00	1.787840e-03
33	1.352165e+00	1.358591e+00	1.744416e-03
34	1.344510e+00	1.358177e+00	1.742273e-03
35	1.360958e+00	1.358256e+00	1.693626e-03
36	1.366328e+00	1.358481e+00	1.661112e-03
37	1.347189e+00	1.358175e+00	1.644163e-03
38	1.361194e+00	1.358255e+00	1.602281e-03
39	1.341076e+00	1.357814e+00	1.621630e-03
40	1.368862e+00	1.358090e+00	1.604517e-03
41	1.362819e+00	1.358206e+00	1.569137e-03
42	1.376769e+00	1.358648e+00	1.593832e-03
43	1.361369e+00	1.358711e+00	1.557610e-03
44	1.349974e+00	1.358513e+00	1.534698e-03
45	1.340908e+00	1.358121e+00	1.550378e-03
46	1.351739e+00	1.357983e+00	1.522633e-03
47	1.358008e+00	1.357983e+00	1.489885e-03
48	1.341633e+00	1.357642e+00	1.497764e-03
49	1.359078e+00	1.357672e+00	1.467171e-03
50	1.372826e+00	1.357975e+00	1.469134e-03
51	1.370483e+00	1.358220e+00	1.460775e-03
52	1.340427e+00	1.357878e+00	1.472709e-03
53	1.357582e+00	1.357872e+00	1.444666e-03
54	1.353234e+00	1.357786e+00	1.420260e-03
55	1.352509e+00	1.357690e+00	1.397496e-03
56	1.351486e+00	1.357580e+00	1.376780e-03
57	1.338124e+00	1.357238e+00	1.394820e-03
58	1.339055e+00	1.356925e+00	1.405959e-03
59	1.353567e+00	1.356868e+00	1.383096e-03
60	1.366662e+00	1.357031e+00	1.369611e-03
61	1.363563e+00	1.357138e+00	1.351220e-03
62	1.369003e+00	1.357330e+00	1.342953e-03
63	1.362809e+00	1.357417e+00	1.324323e-03
64	1.358220e+00	1.357429e+00	1.303527e-03
65	1.359600e+00	1.357463e+00	1.283750e-03
66	1.359810e+00	1.357498e+00	1.264650e-03
67	1.358673e+00	1.357516e+00	1.245755e-03
68	1.353502e+00	1.357457e+00	1.228717e-03
69	1.347140e+00	1.357307e+00	1.219975e-03
70	1.350520e+00	1.357210e+00	1.206324e-03
71	1.357355e+00	1.357212e+00	1.189213e-03
72	1.354116e+00	1.357169e+00	1.173368e-03
73	1.371759e+00	1.357369e+00	1.174316e-03
74	1.375780e+00	1.357618e+00	1.184756e-03
75	1.363294e+00	1.357694e+00	1.171300e-03
76	1.344532e+00	1.357520e+00	1.168687e-03
77	1.349390e+00	1.357415e+00	1.158232e-03
78	1.351555e+00	1.357340e+00	1.145753e-03
79	1.364146e+00	1.357426e+00	1.134432e-03
80	1.354992e+00	1.357395e+00	1.120575e-03
81	1.347573e+00	1.357274e+00	1.113278e-03
82	1.372098e+00	1.357455e+00	1.114379e-03
83	1.353788e+00	1.357411e+00	1.101757e-03
84	1.372319e+00	1.357588e+00	1.102934e-03
85	1.356722e+00	1.357578e+00	1.089929e-03
86	1.363070e+00	1.357642e+00	1.079073e-03
87	1.357746e+00	1.357643e+00	1.066598e-03
88	1.355050e+00	1.357614e+00	1.054819e-03
89	1.379428e+00	1.357859e+00	1.071316e-03
90	1.376786e+00	1.358069e+00	1.080018e-03
91	1.364477e+00	1.358139e+00	1.070402e-03
92	1.353020e+00	1.358084e+00	1.060165e-03
93	1.366124e+00	1.358170e+00	1.052261e-03
94	1.343681e+00	1.358016e+00	1.052356e-03
95	1.376005e+00	1.358205e+00	1.058297e-03
96	1.355413e+00	1.358176e+00	1.047619e-03
97	1.357960e+00	1.358174e+00	1.036765e-03
98	1.367486e+00	1.358269e+00	1.030522e-03
99	1.353933e+00	1.358225e+00	1.020999e-03
100	1.365202e+00	1.358295e+00	1.013142e-03
