1	8.732316e-01	8.732316e-01	0.000000e+00
2	8.921724e-01	8.827020e-01	9.470400e-03
3	8.448012e-01	8.700684e-01	1.376605e-02
4	8.409528e-01	8.627895e-01	1.215460e-02
5	9.000428e-01	8.702402e-01	1.200637e-02
6	9.087512e-01	8.766587e-01	1.171747e-02
7	9.036648e-01	8.805167e-01	1.062804e-02
8	8.773236e-01	8.801176e-01	9.212800e-03
9	9.181284e-01	8.843410e-01	9.157061e-03
10	8.921760e-01	8.851245e-01	8.227715e-03
11	8.837708e-01	8.850014e-01	7.443265e-03
12	9.176244e-01	8.877200e-01	7.318414e-03
13	8.653420e-01	8.859986e-01	6.948559e-03
14	9.105972e-01	8.877557e-01	6.668746e-03
15	8.570040e-01	8.857055e-01	6.538005e-03
16	9.001892e-01	8.866108e-01	6.182375e-03
17	8.780856e-01	8.861093e-01	5.828942e-03
18	8.887512e-01	8.862561e-01	5.497539e-03
19	8.961692e-01	8.867778e-01	5.226259e-03
20	9.328472e-01	8.890813e-01	5.467026e-03
21	9.002700e-01	8.896141e-01	5.227403e-03
22	9.167208e-01	8.908462e-01	5.134171e-03
23	7.942592e-01	8.866468e-01	6.457772e-03
24	9.062488e-01	8.874635e-01	6.236558e-03
25	9.015316e-01	8.880262e-01	6.008306e-03
26	8.661348e-01	8.871843e-01	5.833676e-03
27	9.042384e-01	8.878159e-01	5.648881e-03
28	8.173940e-01	8.853008e-01	5.996345e-03
29	9.017520e-01	8.858681e-01	5.813624e-03
30	8.914924e-01	8.860556e-01	5.619623e-03
31	8.797960e-01	8.858537e-01	5.439072e-03
32	8.835716e-01	8.857823e-01	5.266841e-03
33	8.879928e-01	8.858493e-01	5.105185e-03
34	9.041336e-01	8.863871e-01	4.981867e-03
35	9.178196e-01	8.872852e-01	4.920092e-03
36	8.805984e-01	8.870994e-01	4.785076e-03
37	8.165744e-01	8.851934e-01	5.029158e-03
38	9.240244e-01	8.862152e-01	5.000547e-03
39	9.211080e-01	8.871099e-01	4.952131e-03
40	9.166276e-01	8.878478e-01	4.882825e-03
41	8.955708e-01	8.880362e-01	4.765967e-03
42	8.925816e-01	8.881444e-01	4.652366e-03
43	8.584808e-01	8.874546e-01	4.594963e-03
44	9.037284e-01	8.878244e-01	4.504527e-03
45	9.080396e-01	8.882737e-01	4.426145e-03
46	9.143244e-01	8.888400e-01	4.365742e-03
47	9.099932e-01	8.892901e-01	4.295488e-03
48	8.527068e-01	8.885279e-01	4.273557e-03
49	9.259944e-01	8.892925e-01	4.254703e-03
50	8.677136e-01	8.888610e-01	4.191021e-03
51	9.139152e-01	8.893522e-01	4.137292e-03
52	9.236012e-01	8.900108e-01	4.110064e-03
53	9.246124e-01	8.906637e-01	4.084287e-03
54	8.038388e-01	8.890558e-01	4.318427e-03
55	9.070120e-01	8.893823e-01	4.251736e-03
56	9.155448e-01	8.898495e-01	4.201179e-03
57	9.082176e-01	8.901717e-01	4.139378e-03
58	9.231164e-01	8.907398e-01	4.106854e-03
59	9.301644e-01	8.914080e-01	4.091579e-03
60	8.252684e-01	8.903056e-01	4.171104e-03
61	8.992800e-01	8.904528e-01	4.104793e-03
62	8.531088e-01	8.898504e-01	4.082718e-03
63	8.429428e-01	8.891059e-01	4.085805e-03
64	8.777284e-01	8.889281e-01	4.025385e-03
65	9.002028e-01	8.891016e-01	3.966767e-03
66	8.670904e-01	8.887681e-01	3.920413e-03
67	8.895604e-01	8.887799e-01	3.861474e-03
68	9.016240e-01	8.889688e-01	3.808950e-03
69	8.815192e-01	8.888608e-01	3.754894e-03
70	9.019156e-01	8.890473e-01	3.705560e-03
71	8.788416e-01	8.889036e-01	3.655824e-03
72	9.092608e-01	8.891863e-01	3.615762e-03
73	8.802828e-01	8.890643e-01	3.567972e-03
74	8.861512e-01	8.890250e-01	3.519647e-03
75	8.864264e-01	8.889903e-01	3.472574e-03
76	8.533512e-01	8.885214e-01	3.458516e-03
77	9.220172e-01	8.889564e-01	3.440913e-03
78	8.595896e-01	8.885799e-01	3.417316e-03
79	8.846792e-01	8.885305e-01	3.374142e-03
80	8.894736e-01	8.885423e-01	3.331720e-03
81	9.256404e-01	8.890003e-01	3.322053e-03
82	8.549652e-01	8.885852e-01	3.307437e-03
83	9.269348e-01	8.890473e-01	3.299853e-03
84	8.762360e-01	8.888948e-01	3.263898e-03
85	8.891424e-01	8.888977e-01	3.225272e-03
86	9.053108e-01	8.890885e-01	3.193257e-03
87	9.081096e-01	8.893072e-01	3.163902e-03
88	8.866708e-01	8.892772e-01	3.127886e-03
89	9.133328e-01	8.895475e-01	3.104330e-03
90	8.626092e-01	8.892482e-01	3.084202e-03
91	9.223196e-01	8.896116e-01	3.071696e-03
92	9.031272e-01	8.897585e-01	3.041674e-03
93	8.786768e-01	8.896394e-01	3.011149e-03
94	8.723600e-01	8.894555e-01	2.984610e-03
95	9.019108e-01	8.895866e-01	2.955934e-03
96	8.852840e-01	8.895418e-01	2.925325e-03
97	9.083416e-01	8.897356e-01	2.901490e-03
98	8.792252e-01	8.896284e-01	2.873732e-03
99	8.376112e-01	8.891030e-01	2.892676e-03
100	9.166080e-01	8.893780e-01	2.876782e-03
1	5.425376e-01	5.425376e-01	0.000000e+00
2	5.590820e-01	5.508098e-01	8.272200e-03
3	5.737192e-01	5.584463e-01	9.006963e-03
4	5.486804e-01	5.560048e-01	6.820810e-03
5	5.995452e-01	5.647129e-01	1.018552e-02
6	5.201852e-01	5.572916e-01	1.114623e-02
7	5.234556e-01	5.524579e-01	1.058804e-02
8	5.519552e-01	5.523950e-01	9.169728e-03
9	5.393824e-01	5.509492e-01	8.215174e-03
10	5.334876e-01	5.492030e-01	7.552505e-03
11	5.716484e-01	5.512435e-01	7.129723e-03
12	5.176776e-01	5.484464e-01	7.084130e-03
13	5.788124e-01	5.507822e-01	6.922452e-03
14	5.639140e-01	5.517202e-01	6.477221e-03
15	5.244908e-01	5.499049e-01	6.297282e-03
16	5.742392e-01	5.514258e-01	6.083741e-03
17	5.736416e-01	5.527326e-01	5.862194e-03
18	5.654092e-01	5.534369e-01	5.571618e-03
19	5.755788e-01	5.546022e-01	5.397530e-03
20	5.580800e-01	5.547761e-01	5.123498e-03
21	5.318528e-01	5.536845e-01	4.994174e-03
22	5.711072e-01	5.544765e-01	4.827163e-03
23	5.732048e-01	5.552907e-01	4.683837e-03
24	5.521988e-01	5.551619e-01	4.486283e-03
25	5.326432e-01	5.542612e-01	4.396356e-03
26	5.436672e-01	5.538537e-01	4.243490e-03
27	5.407580e-01	5.533687e-01	4.112005e-03
28	5.635796e-01	5.537334e-01	3.979173e-03
29	5.470564e-01	5.535031e-01	3.846406e-03
30	5.413216e-01	5.530971e-01	3.738101e-03
31	5.392044e-01	5.526489e-01	3.643175e-03
32	5.906152e-01	5.538354e-01	3.721671e-03
33	5.398216e-01	5.534107e-01	3.632042e-03
34	5.618164e-01	5.536579e-01	3.532260e-03
35	5.468380e-01	5.534631e-01	3.435385e-03
36	5.340456e-01	5.529237e-01	3.381883e-03
37	5.234564e-01	5.521273e-01	3.384255e-03
38	5.190672e-01	5.512573e-01	3.406947e-03
39	5.745564e-01	5.518547e-01	3.371787e-03
40	5.428704e-01	5.516301e-01	3.294078e-03
41	5.577412e-01	5.517791e-01	3.216186e-03
42	5.686716e-01	5.521813e-01	3.164341e-03
43	5.430944e-01	5.519700e-01	3.097093e-03
44	5.455544e-01	5.518242e-01	3.029397e-03
45	5.256512e-01	5.512426e-01	3.017889e-03
46	5.337056e-01	5.508613e-01	2.976073e-03
47	5.486344e-01	5.508140e-01	2.912450e-03
48	5.484016e-01	5.507637e-01	2.851571e-03
49	5.596612e-01	5.509453e-01	2.798666e-03
50	5.591308e-01	5.511090e-01	2.747004e-03
51	5.498796e-01	5.510849e-01	2.692711e-03
52	5.619288e-01	5.512934e-01	2.648642e-03
53	5.713248e-01	5.516714e-01	2.625533e-03
54	5.559480e-01	5.517506e-01	2.577670e-03
55	5.498392e-01	5.517158e-01	2.530608e-03
56	5.324272e-01	5.513714e-01	2.508765e-03
57	5.469364e-01	5.512936e-01	2.465587e-03
58	5.832448e-01	5.518445e-01	2.484545e-03
59	5.264016e-01	5.514132e-01	2.479854e-03
60	5.978280e-01	5.521868e-01	2.557951e-03
61	5.701144e-01	5.524807e-01	2.532777e-03
62	5.683416e-01	5.527365e-01	2.504689e-03
63	4.931692e-01	5.517910e-01	2.639755e-03
64	5.702776e-01	5.520799e-01	2.614189e-03
65	5.281448e-01	5.517116e-01	2.599865e-03
66	5.915776e-01	5.523157e-01	2.630461e-03
67	5.686752e-01	5.525598e-01	2.602383e-03
68	5.232472e-01	5.521288e-01	2.599813e-03
69	5.261776e-01	5.517527e-01	2.589318e-03
70	5.689028e-01	5.519977e-01	2.563793e-03
71	5.800148e-01	5.523923e-01	2.558045e-03
72	5.095712e-01	5.517975e-01	2.591436e-03
73	6.043312e-01	5.525172e-01	2.655077e-03
74	5.657412e-01	5.526959e-01	2.625042e-03
75	5.742568e-01	5.529834e-01	2.605711e-03
76	5.620632e-01	5.531028e-01	2.573971e-03
77	5.590716e-01	5.531803e-01	2.541506e-03
78	5.700764e-01	5.533970e-01	2.518045e-03
79	5.664832e-01	5.535626e-01	2.491480e-03
80	6.125756e-01	5.543003e-01	2.568352e-03
81	5.457428e-01	5.541946e-01	2.538645e-03
82	5.218952e-01	5.538007e-01	2.538244e-03
83	5.790216e-01	5.541046e-01	2.525821e-03
84	5.312824e-01	5.538329e-01	2.510316e-03
85	5.395652e-01	5.536650e-01	2.486280e-03
86	5.367688e-01	5.534686e-01	2.465042e-03
87	5.341652e-01	5.532467e-01	2.446625e-03
88	5.655688e-01	5.533867e-01	2.422712e-03
89	5.280004e-01	5.531015e-01	2.412260e-03
90	5.707252e-01	5.532973e-01	2.393330e-03
91	5.263800e-01	5.530015e-01	2.385295e-03
92	5.604260e-01	5.530822e-01	2.360606e-03
93	5.677252e-01	5.532397e-01	2.340387e-03
94	5.426176e-01	5.531267e-01	2.318111e-03
95	5.806432e-01	5.534163e-01	2.311797e-03
96	5.601816e-01	5.534868e-01	2.288675e-03
97	5.253884e-01	5.531971e-01	2.283406e-03
98	5.733796e-01	5.534030e-01	2.269350e-03
99	5.127188e-01	5.529921e-01	2.283592e-03
100	5.452084e-01	5.529143e-01	2.261980e-03
1	2.904724e-01	2.904724e-01	0.000000e+00
2	3.040004e-01	2.972364e-01	6.764000e-03
3	2.830732e-01	2.925153e-01	6.126911e-03
4	2.984904e-01	2.940091e-01	4.582669e-03
5	3.206252e-01	2.993323e-01	6.398217e-03
6	3.068908e-01	3.005921e-01	5.373864e-03
7	2.888156e-01	2.989097e-01	4.843320e-03
8	3.013440e-01	2.992140e-01	4.205461e-03
9	2.789520e-01	2.969627e-01	4.338687e-03
10	3.082808e-01	2.980945e-01	4.042322e-03
11	3.164668e-01	2.997647e-01	4.019825e-03
12	2.920308e-01	2.991202e-01	3.725748e-03
13	2.943040e-01	2.987497e-01	3.447156e-03
14	2.945420e-01	2.984492e-01	3.205567e-03
15	3.008680e-01	2.986104e-01	2.988574e-03
16	2.677776e-01	2.966834e-01	3.395387e-03
17	2.865176e-01	2.960854e-01	3.244985e-03
18	2.963988e-01	2.961028e-01	3.059451e-03
19	2.960128e-01	2.960981e-01	2.893955e-03
20	2.671936e-01	2.946528e-01	3.102603e-03
21	2.807696e-01	2.939917e-01	3.024307e-03
22	3.052280e-01	2.945025e-01	2.928446e-03
23	2.934548e-01	2.944569e-01	2.798598e-03
24	2.703308e-01	2.934517e-01	2.861819e-03
25	2.968416e-01	2.935873e-01	2.748307e-03
26	3.077096e-01	2.941304e-01	2.695776e-03
27	3.166216e-01	2.949634e-01	2.724481e-03
28	2.962756e-01	2.950103e-01	2.625794e-03
29	2.949552e-01	2.950084e-01	2.533632e-03
30	3.081364e-01	2.954460e-01	2.486531e-03
31	2.933288e-01	2.953777e-01	2.405952e-03
32	3.022220e-01	2.955916e-01	2.339351e-03
33	2.899544e-01	2.954208e-01	2.273780e-03
34	2.936436e-01	2.953685e-01	2.206510e-03
35	2.696956e-01	2.946350e-01	2.264622e-03
36	2.681320e-01	2.938988e-01	2.320685e-03
37	2.753372e-01	2.933971e-01	2.312170e-03
38	2.950428e-01	2.934404e-01	2.250918e-03
39	2.860956e-01	2.932521e-01	2.200517e-03
40	3.070240e-01	2.935964e-01	2.172257e-03
41	3.012180e-01	2.937823e-01	2.126752e-03
42	3.176428e-01	2.943504e-01	2.151845e-03
43	2.906360e-01	2.942640e-01	2.102981e-03
44	3.035980e-01	2.944762e-01	2.065553e-03
45	2.838316e-01	2.942396e-01	2.032938e-03
46	2.914200e-01	2.941783e-01	1.989198e-03
47	2.960660e-01	2.942185e-01	1.946828e-03
48	2.804020e-01	2.939306e-01	1.927452e-03
49	2.926324e-01	2.939041e-01	1.887893e-03
50	2.937632e-01	2.939013e-01	1.849752e-03
51	2.993964e-01	2.940091e-01	1.816318e-03
52	2.829804e-01	2.937970e-01	1.793630e-03
53	2.911684e-01	2.937474e-01	1.760161e-03
54	2.770892e-01	2.934389e-01	1.754589e-03
55	3.127460e-01	2.937899e-01	1.757800e-03
56	2.923764e-01	2.937647e-01	1.726310e-03
57	3.031564e-01	2.939295e-01	1.703740e-03
58	2.932092e-01	2.939170e-01	1.674153e-03
59	3.120316e-01	2.942241e-01	1.673931e-03
60	2.898544e-01	2.941512e-01	1.647406e-03
61	2.814612e-01	2.939432e-01	1.633476e-03
62	3.045104e-01	2.941136e-01	1.615927e-03
63	2.910436e-01	2.940649e-01	1.590817e-03
64	3.108420e-01	2.943271e-01	1.587556e-03
65	3.046588e-01	2.944860e-01	1.571003e-03
66	2.917772e-01	2.944450e-01	1.547561e-03
67	2.950272e-01	2.944537e-01	1.524313e-03
68	2.734452e-01	2.941447e-01	1.533179e-03
69	2.908344e-01	2.940967e-01	1.511557e-03
70	2.827396e-01	2.939345e-01	1.498616e-03
71	2.956356e-01	2.939584e-01	1.477552e-03
72	2.961692e-01	2.939891e-01	1.457209e-03
73	2.734884e-01	2.937083e-01	1.464291e-03
74	2.694788e-01	2.933809e-01	1.481015e-03
75	2.974196e-01	2.934347e-01	1.462127e-03
76	3.067240e-01	2.936096e-01	1.453318e-03
77	2.651784e-01	2.932404e-01	1.481083e-03
78	3.037768e-01	2.933754e-01	1.468199e-03
79	2.849520e-01	2.932688e-01	1.453412e-03
80	3.001168e-01	2.933544e-01	1.437680e-03
81	2.911368e-01	2.933270e-01	1.420083e-03
82	3.073120e-01	2.934976e-01	1.412989e-03
83	2.828168e-01	2.933689e-01	1.401780e-03
84	2.855292e-01	2.932756e-01	1.388133e-03
85	2.802556e-01	2.931224e-01	1.380231e-03
86	2.748152e-01	2.929095e-01	1.380597e-03
87	3.022872e-01	2.930173e-01	1.368887e-03
88	2.820872e-01	2.928931e-01	1.358930e-03
89	2.752888e-01	2.926953e-01	1.358056e-03
90	2.798280e-01	2.925523e-01	1.350471e-03
91	2.849464e-01	2.924688e-01	1.338161e-03
92	2.821272e-01	2.923563e-01	1.328301e-03
93	3.081688e-01	2.925264e-01	1.324896e-03
94	2.911612e-01	2.925119e-01	1.310806e-03
95	2.884600e-01	2.924692e-01	1.297635e-03
96	2.884688e-01	2.924275e-01	1.284723e-03
97	2.631112e-01	2.921253e-01	1.306838e-03
98	3.081028e-01	2.922883e-01	1.303669e-03
99	2.808420e-01	2.921727e-01	1.295603e-03
100	2.731300e-01	2.919823e-01	1.296641e-03
1	1.830280e-01	1.830280e-01	0.000000e+00
2	1.679880e-01	1.755080e-01	7.520000e-03
3	1.815944e-01	1.775368e-01	4.792302e-03
4	1.591680e-01	1.729446e-01	5.707134e-03
5	1.673764e-01	1.718310e-01	4.558840e-03
6	1.658364e-01	1.708319e-01	3.854029e-03
7	1.722616e-01	1.710361e-01	3.263646e-03
8	1.757344e-01	1.716234e-01	2.886771e-03
9	1.631340e-01	1.706801e-01	2.715017e-03
10	1.704188e-01	1.706540e-01	2.428526e-03
11	1.684176e-01	1.704507e-01	2.206073e-03
12	1.610216e-01	1.696649e-01	2.161723e-03
13	1.564048e-01	1.686449e-01	2.234846e-03
14	1.807400e-01	1.695089e-01	2.242189e-03
15	1.725220e-01	1.697097e-01	2.097008e-03
16	1.652128e-01	1.694287e-01	1.981604e-03
17	1.714720e-01	1.695489e-01	1.865270e-03
18	1.656116e-01	1.693301e-01	1.772145e-03
19	1.785344e-01	1.698146e-01	1.744877e-03
20	1.662404e-01	1.696359e-01	1.664954e-03
21	1.756728e-01	1.699233e-01	1.609567e-03
22	1.623496e-01	1.695791e-01	1.572801e-03
23	1.635620e-01	1.693175e-01	1.525464e-03
24	1.687940e-01	1.692957e-01	1.460683e-03
25	1.661064e-01	1.691681e-01	1.406834e-03
26	1.644580e-01	1.689869e-01	1.363728e-03
27	1.634692e-01	1.687826e-01	1.328066e-03
28	1.595904e-01	1.684543e-01	1.321193e-03
29	1.709040e-01	1.685387e-01	1.277616e-03
30	1.765472e-01	1.688057e-01	1.262832e-03
31	1.717384e-01	1.689003e-01	1.225075e-03
32	1.742324e-01	1.690669e-01	1.197820e-03
33	1.678040e-01	1.690287e-01	1.161586e-03
34	1.754312e-01	1.692170e-01	1.142529e-03
35	1.723528e-01	1.693066e-01	1.113017e-03
36	1.702924e-01	1.693339e-01	1.082005e-03
37	1.716820e-01	1.693974e-01	1.054267e-03
38	1.629108e-01	1.692267e-01	1.040249e-03
39	1.686744e-01	1.692125e-01	1.013324e-03
40	1.585080e-01	1.689449e-01	1.023280e-03
41	1.682608e-01	1.689282e-01	9.981491e-04
42	1.653336e-01	1.688427e-01	9.778465e-04
43	1.651372e-01	1.687565e-01	9.587158e-04
44	1.701664e-01	1.687885e-01	9.372214e-04
45	1.653180e-01	1.687114e-01	9.193979e-04
46	1.788548e-01	1.689319e-01	9.258319e-04
47	1.787256e-01	1.691403e-01	9.295754e-04
48	1.754772e-01	1.692723e-01	9.195296e-04
49	1.763252e-01	1.694162e-01	9.119983e-04
50	1.683464e-01	1.693948e-01	8.938283e-04
51	1.714632e-01	1.694354e-01	8.770652e-04
52	1.766304e-01	1.695738e-01	8.710924e-04
53	1.716608e-01	1.696131e-01	8.554055e-04
54	1.849300e-01	1.698968e-01	8.860432e-04
55	1.695068e-01	1.698897e-01	8.698131e-04
56	1.813008e-01	1.700935e-01	8.781095e-04
57	1.726376e-01	1.701381e-01	8.637205e-04
58	1.696720e-01	1.701301e-01	8.487362e-04
59	1.675412e-01	1.700862e-01	8.353800e-04
60	1.675632e-01	1.700441e-01	8.224147e-04
61	1.572576e-01	1.698345e-01	8.355409e-04
62	1.802832e-01	1.700031e-01	8.390529e-04
63	1.707064e-01	1.700142e-01	8.257027e-04
64	1.831200e-01	1.702190e-01	8.381009e-04
65	1.677172e-01	1.701805e-01	8.260035e-04
66	1.780216e-01	1.702993e-01	8.220226e-04
67	1.525744e-01	1.700348e-01	8.517849e-04
68	1.756656e-01	1.701176e-01	8.432408e-04
69	1.731572e-01	1.701616e-01	8.320970e-04
70	1.623528e-01	1.700501e-01	8.276759e-04
71	1.762868e-01	1.701379e-01	8.206500e-04
72	1.757440e-01	1.702158e-01	8.129093e-04
73	1.716332e-01	1.702352e-01	8.019313e-04
74	1.763620e-01	1.703180e-01	7.953414e-04
75	1.710872e-01	1.703282e-01	7.847322e-04
76	1.642428e-01	1.702482e-01	7.784669e-04
77	1.797136e-01	1.703711e-01	7.780626e-04
78	1.700268e-01	1.703667e-01	7.680353e-04
79	1.786192e-01	1.704711e-01	7.654130e-04
80	1.807772e-01	1.706000e-01	7.666855e-04
81	1.474428e-01	1.703141e-01	8.093371e-04
82	1.619120e-01	1.702116e-01	8.059462e-04
83	1.689696e-01	1.701966e-01	7.963174e-04
84	1.833464e-01	1.703532e-01	8.022029e-04
85	1.700944e-01	1.703501e-01	7.927149e-04
86	1.722272e-01	1.703720e-01	7.837470e-04
87	1.725976e-01	1.703976e-01	7.751083e-04
88	1.702132e-01	1.703955e-01	7.662525e-04
89	1.743516e-01	1.704399e-01	7.588969e-04
90	1.681000e-01	1.704139e-01	7.508676e-04
91	1.745092e-01	1.704589e-01	7.439329e-04
92	1.787824e-01	1.705494e-01	7.413436e-04
93	1.804864e-01	1.706562e-01	7.410722e-04
94	1.718212e-01	1.706686e-01	7.332508e-04
95	1.612848e-01	1.705699e-01	7.321848e-04
96	1.712400e-01	1.705768e-01	7.245514e-04
97	1.697332e-01	1.705681e-01	7.170956e-04
98	1.780436e-01	1.706444e-01	7.138280e-04
99	1.695836e-01	1.706337e-01	7.066620e-04
100	1.853508e-01	1.707809e-01	7.148728e-04
1	1.071608e-01	1.071608e-01	0.000000e+00
2	1.195300e-01	1.133454e-01	6.184600e-03
3	1.035600e-01	1.100836e-01	4.836228e-03
4	1.080684e-01	1.095798e-01	3.456641e-03
5	1.156048e-01	1.107848e-01	2.936161e-03
6	1.197156e-01	1.122733e-01	2.821860e-03
7	1.080188e-01	1.116655e-01	2.461134e-03
8	1.088980e-01	1.113196e-01	2.159295e-03
9	1.072100e-01	1.108629e-01	1.958298e-03
10	1.105516e-01	1.108318e-01	1.751832e-03
11	1.243000e-01	1.120562e-01	2.002509e-03
12	1.138828e-01	1.122084e-01	1.834359e-03
13	1.140916e-01	1.123533e-01	1.693571e-03
14	1.163516e-01	1.126389e-01	1.593740e-03
15	1.151940e-01	1.128092e-01	1.493438e-03
16	1.155524e-01	1.129807e-01	1.407465e-03
17	1.110608e-01	1.128677e-01	1.326898e-03
18	1.172488e-01	1.131111e-01	1.274468e-03
19	1.126396e-01	1.130863e-01	1.205782e-03
20	1.089504e-01	1.128795e-01	1.162447e-03
21	1.113204e-01	1.128053e-01	1.108197e-03
22	1.029960e-01	1.123594e-01	1.146848e-03
23	1.149140e-01	1.124705e-01	1.101466e-03
24	1.119420e-01	1.124484e-01	1.054803e-03
25	1.091272e-01	1.123156e-01	1.020416e-03
26	1.168064e-01	1.124883e-01	9.954831e-04
27	1.188924e-01	1.127255e-01	9.868326e-04
28	1.008016e-01	1.122996e-01	1.041936e-03
29	1.120552e-01	1.122912e-01	1.005400e-03
30	1.101364e-01	1.122194e-01	9.739611e-04
31	1.116348e-01	1.122005e-01	9.422080e-04
32	1.106404e-01	1.121518e-01	9.135908e-04
33	1.129220e-01	1.121751e-01	8.857811e-04
34	1.173792e-01	1.123282e-01	8.728588e-04
35	1.197992e-01	1.125416e-01	8.740198e-04
36	1.103460e-01	1.124806e-01	8.515814e-04
37	1.145212e-01	1.125358e-01	8.300801e-04
38	1.212628e-01	1.127655e-01	8.399469e-04
39	1.019044e-01	1.124870e-01	8.642260e-04
40	1.049020e-01	1.122973e-01	8.634232e-04
41	1.141940e-01	1.123436e-01	8.433705e-04
42	1.123532e-01	1.123438e-01	8.230453e-04
43	1.196100e-01	1.125128e-01	8.212496e-04
44	1.209208e-01	1.127039e-01	8.248089e-04
45	1.137912e-01	1.127281e-01	8.066335e-04
46	1.093272e-01	1.126541e-01	7.923598e-04
47	9.584160e-02	1.122964e-01	8.538598e-04
48	1.163368e-01	1.123806e-01	8.401094e-04
49	1.054020e-01	1.122382e-01	8.350208e-04
50	1.157192e-01	1.123078e-01	8.211068e-04
51	1.138488e-01	1.123380e-01	8.054127e-04
52	1.081936e-01	1.122583e-01	7.937834e-04
53	1.100584e-01	1.122168e-01	7.797679e-04
54	1.100312e-01	1.121763e-01	7.662611e-04
55	1.057336e-01	1.120592e-01	7.612666e-04
56	1.005404e-01	1.118535e-01	7.753315e-04
57	1.200408e-01	1.119971e-01	7.750341e-04
58	1.139028e-01	1.120300e-01	7.622627e-04
59	1.124012e-01	1.120363e-01	7.492580e-04
60	1.084172e-01	1.119760e-01	7.391299e-04
61	1.070060e-01	1.118945e-01	7.314637e-04
62	1.045020e-01	1.117753e-01	7.293809e-04
63	1.190916e-01	1.118914e-01	7.270450e-04
64	1.202580e-01	1.120221e-01	7.274378e-04
65	1.088776e-01	1.119737e-01	7.177912e-04
66	1.146584e-01	1.120144e-01	7.080013e-04
67	1.093348e-01	1.119744e-01	6.985000e-04
68	1.153404e-01	1.120239e-01	6.899293e-04
69	1.004468e-01	1.118561e-01	7.002548e-04
70	1.140280e-01	1.118872e-01	6.908757e-04
71	1.195400e-01	1.119949e-01	6.895519e-04
72	1.041496e-01	1.118860e-01	6.885833e-04
73	1.172220e-01	1.119591e-01	6.830079e-04
74	1.079832e-01	1.119054e-01	6.758538e-04
75	9.836480e-02	1.117248e-01	6.907912e-04
76	1.044004e-01	1.116284e-01	6.884205e-04
77	1.159248e-01	1.116842e-01	6.817084e-04
78	1.089272e-01	1.116489e-01	6.738395e-04
79	1.122900e-01	1.116570e-01	6.653047e-04
80	1.075192e-01	1.116053e-01	6.589687e-04
81	1.193644e-01	1.117011e-01	6.577947e-04
82	1.095940e-01	1.116754e-01	6.502312e-04
83	1.221236e-01	1.118013e-01	6.545678e-04
84	1.152984e-01	1.118429e-01	6.480670e-04
85	1.166396e-01	1.118993e-01	6.428789e-04
86	1.172944e-01	1.119621e-01	6.384491e-04
87	1.035092e-01	1.118649e-01	6.385035e-04
88	1.095196e-01	1.118382e-01	6.317685e-04
89	1.099132e-01	1.118166e-01	6.250040e-04
90	1.219324e-01	1.119290e-01	6.281581e-04
91	1.066056e-01	1.118705e-01	6.239652e-04
92	1.152364e-01	1.119071e-01	6.182292e-04
93	1.075392e-01	1.118601e-01	6.133463e-04
94	1.087272e-01	1.118268e-01	6.077009e-04
95	1.064888e-01	1.117706e-01	6.038898e-04
96	1.177192e-01	1.118326e-01	6.007703e-04
97	1.103816e-01	1.118176e-01	5.947327e-04
98	1.105532e-01	1.118047e-01	5.887741e-04
99	1.096008e-01	1.117825e-01	5.832215e-04
100	1.041056e-01	1.117057e-01	5.824413e-04
1	8.553440e-02	8.553440e-02	0.000000e+00
2	8.275760e-02	8.414600e-02	1.388400e-03
3	7.814840e-02	8.214680e-02	2.153916e-03
4	7.871680e-02	8.128930e-02	1.747851e-03
5	7.620400e-02	8.027224e-02	1.693340e-03
6	8.190400e-02	8.054420e-02	1.409100e-03
7	7.450840e-02	7.968194e-02	1.470288e-03
8	7.238280e-02	7.876955e-02	1.566452e-03
9	7.627920e-02	7.849284e-02	1.408919e-03
10	6.843880e-02	7.748744e-02	1.612105e-03
11	7.501720e-02	7.726287e-02	1.475394e-03
12	8.300240e-02	7.774117e-02	1.429250e-03
13	8.386400e-02	7.821215e-02	1.396536e-03
14	7.908080e-02	7.827420e-02	1.294429e-03
15	8.075280e-02	7.843944e-02	1.216325e-03
16	7.977600e-02	7.852298e-02	1.140830e-03
17	7.567560e-02	7.835548e-02	1.084633e-03
18	7.953240e-02	7.842087e-02	1.024690e-03
19	8.221880e-02	7.862076e-02	9.896573e-04
20	7.795720e-02	7.858758e-02	9.394574e-04
21	8.042040e-02	7.867486e-02	8.978543e-04
22	7.637640e-02	7.857038e-02	8.624220e-04
23	7.616600e-02	7.846584e-02	8.306769e-04
24	7.898480e-02	7.848747e-02	7.956065e-04
25	8.092920e-02	7.858514e-02	7.693438e-04
26	7.918400e-02	7.860817e-02	7.395204e-04
27	7.616200e-02	7.851757e-02	7.173480e-04
28	7.544480e-02	7.840783e-02	6.999108e-04
29	7.201400e-02	7.818735e-02	7.104229e-04
30	8.196600e-02	7.831331e-02	6.977955e-04
31	8.239720e-02	7.844505e-02	6.876478e-04
32	8.047720e-02	7.850855e-02	6.688338e-04
33	7.801520e-02	7.849360e-02	6.484217e-04
34	7.932920e-02	7.851818e-02	6.295414e-04
35	8.110560e-02	7.859210e-02	6.157438e-04
36	7.410320e-02	7.846741e-02	6.112488e-04
37	8.118480e-02	7.854085e-02	5.990184e-04
38	7.834920e-02	7.853581e-02	5.830635e-04
39	7.512200e-02	7.844828e-02	5.746227e-04
40	7.998640e-02	7.848673e-02	5.613914e-04
41	8.059760e-02	7.853821e-02	5.499430e-04
42	8.280320e-02	7.863976e-02	5.462118e-04
43	7.829960e-02	7.863185e-02	5.334166e-04
44	7.696240e-02	7.859391e-02	5.225319e-04
45	7.641200e-02	7.854542e-02	5.130843e-04
46	7.694160e-02	7.851056e-02	5.030161e-04
47	7.150640e-02	7.836153e-02	5.142631e-04
48	7.967440e-02	7.838888e-02	5.041777e-04
49	8.259440e-02	7.847471e-02	5.011847e-04
50	7.579040e-02	7.842102e-02	4.939847e-04
51	7.796920e-02	7.841216e-02	4.842829e-04
52	8.151880e-02	7.847191e-02	4.786217e-04
53	8.167480e-02	7.853234e-02	4.733775e-04
54	7.543800e-02	7.847504e-02	4.680495e-04
55	7.858280e-02	7.847700e-02	4.594649e-04
56	6.948160e-02	7.831636e-02	4.789270e-04
57	8.323320e-02	7.840262e-02	4.782926e-04
58	8.292760e-02	7.848064e-02	4.764053e-04
59	8.531840e-02	7.859654e-02	4.823898e-04
60	8.974600e-02	7.878236e-02	5.093858e-04
61	8.059120e-02	7.881201e-02	5.018425e-04
62	7.390640e-02	7.873289e-02	4.999823e-04
63	7.879040e-02	7.873380e-02	4.919829e-04
64	8.142480e-02	7.877585e-02	4.860567e-04
65	8.106480e-02	7.881106e-02	4.798145e-04
66	7.751600e-02	7.879144e-02	4.728959e-04
67	7.598440e-02	7.874955e-02	4.676647e-04
68	8.359360e-02	7.882078e-02	4.662105e-04
69	7.284560e-02	7.873419e-02	4.674945e-04
70	8.409200e-02	7.881073e-02	4.670816e-04
71	8.268320e-02	7.886527e-02	4.636750e-04
72	7.679560e-02	7.883652e-02	4.580925e-04
73	7.610280e-02	7.879907e-02	4.533231e-04
74	7.510520e-02	7.874916e-02	4.499328e-04
75	8.191440e-02	7.879136e-02	4.458948e-04
76	7.571080e-02	7.875083e-02	4.418518e-04
77	8.374800e-02	7.881572e-02	4.408785e-04
78	7.388280e-02	7.875248e-02	4.397608e-04
79	8.034920e-02	7.877269e-02	4.346287e-04
80	7.786840e-02	7.876139e-02	4.293103e-04
81	7.752240e-02	7.874609e-02	4.242529e-04
82	7.181400e-02	7.866156e-02	4.274893e-04
83	7.566400e-02	7.862544e-02	4.238489e-04
84	7.340520e-02	7.856330e-02	4.233587e-04
85	7.598760e-02	7.853299e-02	4.194444e-04
86	7.941880e-02	7.854329e-02	4.146664e-04
87	7.310840e-02	7.848082e-02	4.146057e-04
88	7.900840e-02	7.848682e-02	4.099111e-04
89	7.241320e-02	7.841858e-02	4.109845e-04
90	7.986560e-02	7.843465e-02	4.067103e-04
91	7.951800e-02	7.844656e-02	4.023923e-04
92	7.979440e-02	7.846121e-02	3.982640e-04
93	8.536160e-02	7.853541e-02	4.008846e-04
94	7.929600e-02	7.854350e-02	3.966794e-04
95	7.501080e-02	7.850631e-02	3.942394e-04
96	8.375920e-02	7.856103e-02	3.939298e-04
97	7.830400e-02	7.855838e-02	3.898565e-04
98	8.034280e-02	7.857659e-02	3.862872e-04
99	8.443440e-02	7.863576e-02	3.869165e-04
100	7.966520e-02	7.864605e-02	3.831661e-04
1	5.901480e-02	5.901480e-02	0.000000e+00
2	6.181880e-02	6.041680e-02	1.402000e-03
3	5.943400e-02	6.008920e-02	8.732257e-04
4	5.536400e-02	5.890790e-02	1.332941e-03
5	5.621640e-02	5.836960e-02	1.164391e-03
6	6.140040e-02	5.887473e-02	1.076583e-03
7	6.314440e-02	5.948469e-02	1.095409e-03
8	5.773680e-02	5.926620e-02	9.734867e-04
9	6.197720e-02	5.956742e-02	9.098442e-04
10	5.896440e-02	5.950712e-02	8.160206e-04
11	6.132040e-02	5.967196e-02	7.563016e-04
12	6.210920e-02	5.987507e-02	7.196603e-04
13	6.565840e-02	6.031994e-02	7.975859e-04
14	6.129520e-02	6.038960e-02	7.416997e-04
15	5.791520e-02	6.022464e-02	7.099162e-04
16	5.832080e-02	6.010565e-02	6.746422e-04
17	6.353280e-02	6.030725e-02	6.650093e-04
18	6.520520e-02	6.057936e-02	6.834785e-04
19	6.452080e-02	6.078680e-02	6.789721e-04
20	6.150160e-02	6.082254e-02	6.451203e-04
21	5.878520e-02	6.072552e-02	6.212536e-04
22	6.188880e-02	6.077840e-02	5.946975e-04
23	6.221720e-02	6.084096e-02	5.716860e-04
24	5.994840e-02	6.080377e-02	5.486097e-04
25	5.715880e-02	6.065797e-02	5.460330e-04
26	6.512800e-02	6.082989e-02	5.520645e-04
27	5.350080e-02	6.055844e-02	5.965595e-04
28	6.673760e-02	6.077913e-02	6.157633e-04
29	5.624120e-02	6.062265e-02	6.144113e-04
30	6.381320e-02	6.072900e-02	6.030300e-04
31	6.176360e-02	6.076237e-02	5.842072e-04
32	5.792280e-02	6.067364e-02	5.725741e-04
33	5.943600e-02	6.063613e-02	5.562181e-04
34	6.236520e-02	6.068699e-02	5.420019e-04
35	6.340560e-02	6.076466e-02	5.319894e-04
36	5.756680e-02	6.067583e-02	5.245765e-04
37	5.593400e-02	6.054768e-02	5.260516e-04
38	6.508200e-02	6.066700e-02	5.257412e-04
39	6.373800e-02	6.074574e-02	5.181021e-04
40	6.344400e-02	6.081320e-02	5.094690e-04
41	5.575840e-02	6.068991e-02	5.119543e-04
42	6.364040e-02	6.076016e-02	5.045308e-04
43	5.907080e-02	6.072087e-02	4.942219e-04
44	5.751320e-02	6.064797e-02	4.883313e-04
45	6.331040e-02	6.070714e-02	4.810087e-04
46	5.686360e-02	6.062358e-02	4.777984e-04
47	5.844600e-02	6.057725e-02	4.698121e-04
48	5.420760e-02	6.044455e-02	4.786817e-04
49	5.828960e-02	6.040057e-02	4.708692e-04
50	5.270520e-02	6.024666e-02	4.863502e-04
51	5.972640e-02	6.023646e-02	4.768277e-04
52	6.294440e-02	6.028854e-02	4.704591e-04
53	5.973520e-02	6.027810e-02	4.616152e-04
54	6.214160e-02	6.031261e-02	4.542987e-04
55	6.016240e-02	6.030988e-02	4.459706e-04
56	6.105000e-02	6.032309e-02	4.381339e-04
57	6.139200e-02	6.034185e-02	4.307870e-04
58	6.091480e-02	6.035172e-02	4.234098e-04
59	5.856000e-02	6.032136e-02	4.172780e-04
60	5.850280e-02	6.029105e-02	4.113825e-04
61	5.651840e-02	6.022920e-02	4.092821e-04
62	6.389680e-02	6.028835e-02	4.069490e-04
63	5.883720e-02	6.026532e-02	4.010994e-04
64	5.950320e-02	6.025341e-02	3.949620e-04
65	5.576200e-02	6.018431e-02	3.949301e-04
66	5.346200e-02	6.008246e-02	4.020168e-04
67	6.182440e-02	6.010846e-02	3.968237e-04
68	5.931880e-02	6.009685e-02	3.911169e-04
69	5.838200e-02	6.007199e-02	3.862074e-04
70	5.678400e-02	6.002502e-02	3.835373e-04
71	5.988120e-02	6.002300e-02	3.781022e-04
72	6.103600e-02	6.003707e-02	3.730792e-04
73	5.920360e-02	6.002565e-02	3.681101e-04
74	5.718640e-02	5.998728e-02	3.651231e-04
75	5.831880e-02	5.996503e-02	3.609082e-04
76	5.655640e-02	5.992018e-02	3.589408e-04
77	5.842240e-02	5.990073e-02	3.547822e-04
78	5.852280e-02	5.988307e-02	3.506495e-04
79	6.387240e-02	5.993356e-02	3.498461e-04
80	6.131160e-02	5.995079e-02	3.458746e-04
81	6.208400e-02	5.997713e-02	3.425916e-04
82	6.306840e-02	6.001482e-02	3.404813e-04
83	5.974720e-02	6.001160e-02	3.363696e-04
84	6.075360e-02	6.002043e-02	3.324584e-04
85	6.102240e-02	6.003222e-02	3.287353e-04
86	6.051080e-02	6.003779e-02	3.249379e-04
87	5.888920e-02	6.002458e-02	3.214525e-04
88	5.707200e-02	5.999103e-02	3.195450e-04
89	5.362880e-02	5.991955e-02	3.239207e-04
90	5.936880e-02	5.991343e-02	3.203598e-04
91	6.243760e-02	5.994116e-02	3.180318e-04
92	5.732960e-02	5.991278e-02	3.158342e-04
93	5.647560e-02	5.987582e-02	3.145982e-04
94	5.609840e-02	5.983563e-02	3.138169e-04
95	5.822840e-02	5.981872e-02	3.109566e-04
96	6.115920e-02	5.983268e-02	3.080171e-04
97	5.934000e-02	5.982760e-02	3.048674e-04
98	6.186040e-02	5.984834e-02	3.024526e-04
99	6.064040e-02	5.985634e-02	2.994889e-04
100	5.809200e-02	5.983870e-02	2.970034e-04
1	4.838320e-02	4.838320e-02	0.000000e+00
2	4.707000e-02	4.772660e-02	6.566000e-04
3	4.794040e-02	4.779787e-02	3.857289e-04
4	4.445840e-02	4.696300e-02	8.782914e-04
5	4.169680e-02	4.590976e-02	1.253855e-03
6	4.723040e-02	4.612987e-02	1.047162e-03
7	4.504520e-02	4.597491e-02	8.984759e-04
8	4.663000e-02	4.605680e-02	7.823998e-04
9	5.081600e-02	4.658560e-02	8.693364e-04
10	4.646120e-02	4.657316e-02	7.776576e-04
11	4.906840e-02	4.680000e-02	7.390893e-04
12	4.504080e-02	4.665340e-02	6.904363e-04
13	4.511240e-02	4.653486e-02	6.460765e-04
14	4.391960e-02	4.634806e-02	6.266419e-04
15	4.914600e-02	4.653459e-02	6.124671e-04
16	4.751520e-02	4.659587e-02	5.761794e-04
17	4.723680e-02	4.663358e-02	5.425379e-04
18	4.747080e-02	4.668009e-02	5.136200e-04
19	4.239720e-02	4.645467e-02	5.355824e-04
20	4.832120e-02	4.654800e-02	5.165980e-04
21	4.921800e-02	4.667514e-02	5.075650e-04
22	4.939880e-02	4.679895e-02	4.995289e-04
23	4.512640e-02	4.672623e-02	4.828240e-04
24	4.904320e-02	4.682277e-02	4.722420e-04
25	4.977280e-02	4.694077e-02	4.680768e-04
26	5.163040e-02	4.712114e-02	4.845367e-04
27	4.273480e-02	4.695868e-02	4.937381e-04
28	4.648240e-02	4.694167e-02	4.760819e-04
29	4.985560e-02	4.704215e-02	4.702329e-04
30	4.908120e-02	4.711012e-02	4.593445e-04
31	5.056320e-02	4.722151e-02	4.580309e-04
32	4.561080e-02	4.717118e-02	4.463338e-04
33	4.347400e-02	4.705914e-02	4.468694e-04
34	4.647560e-02	4.704198e-02	4.338666e-04
35	4.449600e-02	4.696923e-02	4.275220e-04
36	4.741360e-02	4.698158e-02	4.156600e-04
37	4.905680e-02	4.703766e-02	4.081421e-04
38	4.745520e-02	4.704865e-02	3.974082e-04
39	4.600360e-02	4.702186e-02	3.880106e-04
40	4.589440e-02	4.699367e-02	3.792348e-04
41	4.422680e-02	4.692619e-02	3.759756e-04
42	4.560080e-02	4.689463e-02	3.682692e-04
43	4.529200e-02	4.685736e-02	3.615291e-04
44	4.612600e-02	4.684074e-02	3.536078e-04
45	4.139880e-02	4.671980e-02	3.662045e-04
46	4.830080e-02	4.675417e-02	3.598004e-04
47	4.819000e-02	4.678472e-02	3.533848e-04
48	4.650560e-02	4.677891e-02	3.459932e-04
49	4.662240e-02	4.677571e-02	3.388736e-04
50	4.842160e-02	4.680863e-02	3.336547e-04
51	4.914920e-02	4.685453e-02	3.302514e-04
52	4.699160e-02	4.685716e-02	3.238488e-04
53	4.531720e-02	4.682811e-02	3.190057e-04
54	5.049080e-02	4.689593e-02	3.203064e-04
55	4.674720e-02	4.689323e-02	3.144403e-04
56	4.517680e-02	4.686258e-02	3.102918e-04
57	4.907040e-02	4.690131e-02	3.072508e-04
58	4.526560e-02	4.687311e-02	3.032212e-04
59	4.870160e-02	4.690410e-02	2.996445e-04
60	4.511320e-02	4.687425e-02	2.961163e-04
61	4.433800e-02	4.683268e-02	2.941746e-04
62	4.469200e-02	4.679815e-02	2.914434e-04
63	4.813320e-02	4.681934e-02	2.875619e-04
64	5.033560e-02	4.687428e-02	2.883163e-04
65	4.816360e-02	4.689412e-02	2.845382e-04
66	4.503280e-02	4.686592e-02	2.816096e-04
67	4.615240e-02	4.685527e-02	2.775790e-04
68	4.433680e-02	4.681823e-02	2.759630e-04
69	4.787240e-02	4.683351e-02	2.723630e-04
70	4.833920e-02	4.685502e-02	2.693043e-04
71	4.404640e-02	4.681546e-02	2.684151e-04
72	4.812240e-02	4.683361e-02	2.652826e-04
73	4.104160e-02	4.675427e-02	2.733899e-04
74	4.350880e-02	4.671041e-02	2.732133e-04
75	4.363520e-02	4.666941e-02	2.726466e-04
76	4.335120e-02	4.662575e-02	2.725550e-04
77	4.467520e-02	4.660042e-02	2.701821e-04
78	4.805400e-02	4.661905e-02	2.673461e-04
79	5.016680e-02	4.666396e-02	2.677335e-04
80	4.659960e-02	4.666316e-02	2.643668e-04
81	4.520160e-02	4.664511e-02	2.617054e-04
82	4.363400e-02	4.660839e-02	2.610894e-04
83	4.043400e-02	4.653400e-02	2.684380e-04
84	4.937000e-02	4.656776e-02	2.673633e-04
85	4.436000e-02	4.654179e-02	2.654729e-04
86	4.740160e-02	4.655179e-02	2.625582e-04
87	4.802600e-02	4.656873e-02	2.600754e-04
88	4.593640e-02	4.656155e-02	2.572034e-04
89	4.768560e-02	4.657418e-02	2.546105e-04
90	4.951720e-02	4.660688e-02	2.538803e-04
91	4.606480e-02	4.660092e-02	2.511456e-04
92	4.735400e-02	4.660910e-02	2.485356e-04
93	4.784880e-02	4.662243e-02	2.462097e-04
94	4.588440e-02	4.661458e-02	2.437029e-04
95	4.279240e-02	4.657435e-02	2.444576e-04
96	4.907920e-02	4.660044e-02	2.433009e-04
97	4.691600e-02	4.660369e-02	2.408015e-04
98	4.758120e-02	4.661367e-02	2.385403e-04
99	4.743080e-02	4.662192e-02	2.362628e-04
100	4.809360e-02	4.663664e-02	2.343507e-04
1	4.094280e-02	4.094280e-02	0.000000e+00
2	4.246480e-02	4.170380e-02	7.610000e-04
3	3.711680e-02	4.017480e-02	1.590874e-03
4	3.692400e-02	3.936210e-02	1.387776e-03
5	3.534080e-02	3.855784e-02	1.342530e-03
6	3.773920e-02	3.842140e-02	1.104630e-03
7	3.853120e-02	3.843709e-02	9.337145e-04
8	3.552280e-02	3.807280e-02	8.868885e-04
9	3.896320e-02	3.817173e-02	7.883942e-04
10	3.543160e-02	3.789772e-02	7.565287e-04
11	3.612960e-02	3.773698e-02	7.029305e-04
12	3.683120e-02	3.766150e-02	6.461091e-04
13	3.787000e-02	3.767754e-02	5.945503e-04
14	3.774680e-02	3.768249e-02	5.504688e-04
15	4.144880e-02	3.793357e-02	5.706652e-04
16	3.904360e-02	3.800295e-02	5.382979e-04
17	4.145000e-02	3.820572e-02	5.447838e-04
18	3.980080e-02	3.829433e-02	5.212154e-04
19	3.802280e-02	3.828004e-02	4.932275e-04
20	3.809840e-02	3.827096e-02	4.680048e-04
21	3.899680e-02	3.830552e-02	4.465012e-04
22	4.060240e-02	3.840993e-02	4.383372e-04
23	3.868760e-02	3.842200e-02	4.190196e-04
24	3.553400e-02	3.830167e-02	4.188390e-04
25	3.928160e-02	3.834086e-02	4.036439e-04
26	3.556080e-02	3.823394e-02	4.022792e-04
27	3.676560e-02	3.817956e-02	3.908948e-04
28	3.993840e-02	3.824237e-02	3.818774e-04
29	4.008200e-02	3.830581e-02	3.738946e-04
30	3.784040e-02	3.829029e-02	3.615495e-04
31	3.973720e-02	3.833697e-02	3.527933e-04
32	3.923800e-02	3.836513e-02	3.427492e-04
33	3.560040e-02	3.828135e-02	3.426021e-04
34	3.533080e-02	3.819456e-02	3.435151e-04
35	3.645080e-02	3.814474e-02	3.372563e-04
36	3.798600e-02	3.814033e-02	3.277839e-04
37	3.897440e-02	3.816288e-02	3.195978e-04
38	3.966200e-02	3.820233e-02	3.135652e-04
39	4.126800e-02	3.828093e-02	3.153728e-04
40	4.203920e-02	3.837489e-02	3.214263e-04
41	3.712440e-02	3.834439e-02	3.149688e-04
42	3.898320e-02	3.835960e-02	3.077542e-04
43	4.393480e-02	3.848926e-02	3.272889e-04
44	3.865400e-02	3.849300e-02	3.197859e-04
45	3.534480e-02	3.842304e-02	3.203317e-04
46	3.399560e-02	3.832679e-02	3.277420e-04
47	3.845000e-02	3.832941e-02	3.207037e-04
48	4.001120e-02	3.836445e-02	3.159003e-04
49	3.774400e-02	3.835179e-02	3.096452e-04
50	3.885560e-02	3.836186e-02	3.035564e-04
51	3.538080e-02	3.830341e-02	3.032318e-04
52	3.673360e-02	3.827322e-02	2.988719e-04
53	3.927680e-02	3.829216e-02	2.937894e-04
54	3.974280e-02	3.831902e-02	2.895464e-04
55	3.736440e-02	3.830167e-02	2.847626e-04
56	3.664720e-02	3.827212e-02	2.811877e-04
57	3.961640e-02	3.829571e-02	2.772156e-04
58	4.174000e-02	3.835509e-02	2.787921e-04
59	4.249560e-02	3.842527e-02	2.828697e-04
60	4.086880e-02	3.846599e-02	2.810812e-04
61	3.946920e-02	3.848244e-02	2.769237e-04
62	3.804640e-02	3.847541e-02	2.725113e-04
63	3.631840e-02	3.844117e-02	2.703279e-04
64	3.908280e-02	3.845119e-02	2.662593e-04
65	3.757520e-02	3.843772e-02	2.624772e-04
66	3.602560e-02	3.840117e-02	2.610407e-04
67	3.353680e-02	3.832857e-02	2.671690e-04
68	3.515680e-02	3.828192e-02	2.673117e-04
69	3.750000e-02	3.827059e-02	2.636528e-04
70	4.087200e-02	3.830775e-02	2.625029e-04
71	3.937320e-02	3.832276e-02	2.592140e-04
72	3.586120e-02	3.828857e-02	2.578649e-04
73	3.929960e-02	3.830242e-02	2.546848e-04
74	3.741480e-02	3.829043e-02	2.515058e-04
75	3.800360e-02	3.828660e-02	2.481592e-04
76	3.656160e-02	3.826391e-02	2.459218e-04
77	3.572760e-02	3.823097e-02	2.449320e-04
78	3.424160e-02	3.817982e-02	2.471221e-04
79	3.678000e-02	3.816210e-02	2.446165e-04
80	3.659000e-02	3.814245e-02	2.423375e-04
81	3.714920e-02	3.813019e-02	2.396409e-04
82	3.582920e-02	3.810213e-02	2.383579e-04
83	4.102240e-02	3.813731e-02	2.380827e-04
84	3.807000e-02	3.813651e-02	2.352327e-04
85	3.407240e-02	3.808870e-02	2.373153e-04
86	3.481160e-02	3.805059e-02	2.376149e-04
87	3.745480e-02	3.804374e-02	2.349676e-04
88	3.882840e-02	3.805266e-02	2.324533e-04
89	3.899840e-02	3.806329e-02	2.300721e-04
90	3.528120e-02	3.803237e-02	2.295919e-04
91	3.371800e-02	3.798496e-02	2.319520e-04
92	3.897720e-02	3.799575e-02	2.296703e-04
93	3.897160e-02	3.800624e-02	2.274295e-04
94	3.923120e-02	3.801927e-02	2.253741e-04
95	4.026920e-02	3.804296e-02	2.242432e-04
96	3.590800e-02	3.802072e-02	2.230067e-04
97	4.053320e-02	3.804662e-02	2.222105e-04
98	3.380760e-02	3.800336e-02	2.241447e-04
99	3.704960e-02	3.799373e-02	2.220781e-04
100	3.804760e-02	3.799427e-02	2.198467e-04
1	3.241880e-02	3.241880e-02	0.000000e+00
2	3.321920e-02	3.281900e-02	4.002000e-04
3	3.220200e-02	3.261333e-02	3.093307e-04
4	3.286000e-02	3.267500e-02	2.272565e-04
5	2.987520e-02	3.211504e-02	5.869774e-04
6	3.026760e-02	3.180713e-02	5.696503e-04
7	3.084400e-02	3.166954e-02	5.007174e-04
8	2.838720e-02	3.125925e-02	5.969746e-04
9	2.935760e-02	3.104796e-02	5.672995e-04
10	2.858480e-02	3.080164e-02	5.640340e-04
11	3.036720e-02	3.076215e-02	5.117143e-04
12	2.993480e-02	3.069320e-02	4.721897e-04
13	3.003360e-02	3.064246e-02	4.373048e-04
14	3.043400e-02	3.062757e-02	4.051393e-04
15	2.868360e-02	3.049797e-02	3.988088e-04
16	3.389640e-02	3.071037e-02	4.292807e-04
17	3.095240e-02	3.072461e-02	4.034902e-04
18	3.167320e-02	3.077731e-02	3.840471e-04
19	3.118200e-02	3.079861e-02	3.638961e-04
20	2.902040e-02	3.070970e-02	3.564876e-04
21	3.358680e-02	3.084670e-02	3.657192e-04
22	2.893040e-02	3.075960e-02	3.594143e-04
23	3.232080e-02	3.082748e-02	3.500759e-04
24	3.182160e-02	3.086890e-02	3.377220e-04
25	3.323480e-02	3.096354e-02	3.374724e-04
26	3.079560e-02	3.095708e-02	3.242974e-04
27	3.095640e-02	3.095705e-02	3.120553e-04
28	3.502440e-02	3.110231e-02	3.339522e-04
29	3.084080e-02	3.109330e-02	3.223571e-04
30	3.072400e-02	3.108099e-02	3.116697e-04
31	3.051120e-02	3.106261e-02	3.020080e-04
32	2.681400e-02	3.092984e-02	3.211478e-04
33	3.218920e-02	3.096800e-02	3.135947e-04
34	3.351760e-02	3.104299e-02	3.133370e-04
35	3.243800e-02	3.108285e-02	3.068524e-04
36	3.428160e-02	3.117170e-02	3.111631e-04
37	3.323800e-02	3.122755e-02	3.077459e-04
38	3.041640e-02	3.120620e-02	3.002975e-04
39	3.147000e-02	3.121296e-02	2.925745e-04
40	3.462840e-02	3.129835e-02	2.976753e-04
41	2.959080e-02	3.125670e-02	2.932961e-04
42	3.124440e-02	3.125641e-02	2.862279e-04
43	3.174600e-02	3.126780e-02	2.797240e-04
44	2.879720e-02	3.121165e-02	2.790013e-04
45	3.165720e-02	3.122155e-02	2.729104e-04
46	3.247560e-02	3.124881e-02	2.683003e-04
47	3.400840e-02	3.130752e-02	2.690154e-04
48	3.391120e-02	3.136177e-02	2.688796e-04
49	3.450840e-02	3.142598e-02	2.710520e-04
50	3.161040e-02	3.142967e-02	2.656012e-04
51	2.985000e-02	3.139870e-02	2.621774e-04
52	3.184240e-02	3.140723e-02	2.572276e-04
53	3.178000e-02	3.141426e-02	2.524256e-04
54	3.303400e-02	3.144426e-02	2.495164e-04
55	3.168400e-02	3.144862e-02	2.449765e-04
56	3.527120e-02	3.151688e-02	2.500593e-04
57	3.395360e-02	3.155963e-02	2.493254e-04
58	3.598440e-02	3.163592e-02	2.565923e-04
59	3.313040e-02	3.166125e-02	2.534746e-04
60	3.447480e-02	3.170814e-02	2.535876e-04
61	3.056400e-02	3.168938e-02	2.501001e-04
62	3.097960e-02	3.167794e-02	2.462993e-04
63	3.311080e-02	3.170068e-02	2.434231e-04
64	3.335520e-02	3.172653e-02	2.409801e-04
65	3.148000e-02	3.172274e-02	2.372741e-04
66	3.028800e-02	3.170100e-02	2.346605e-04
67	3.148240e-02	3.169774e-02	2.311546e-04
68	3.336800e-02	3.172230e-02	2.290507e-04
69	2.943880e-02	3.168921e-02	2.281200e-04
70	2.887840e-02	3.164905e-02	2.283950e-04
71	3.375560e-02	3.167872e-02	2.271017e-04
72	3.233040e-02	3.168777e-02	2.241081e-04
73	3.186360e-02	3.169018e-02	2.210299e-04
74	3.179680e-02	3.169162e-02	2.180273e-04
75	3.115920e-02	3.168452e-02	2.152178e-04
76	3.434880e-02	3.171958e-02	2.152411e-04
77	3.056840e-02	3.170463e-02	2.129528e-04
78	3.437840e-02	3.173891e-02	2.129816e-04
79	3.251800e-02	3.174877e-02	2.104995e-04
80	3.103280e-02	3.173982e-02	2.080442e-04
81	3.108200e-02	3.173170e-02	2.056201e-04
82	2.842840e-02	3.169141e-02	2.070537e-04
83	3.113320e-02	3.168469e-02	2.046544e-04
84	3.323360e-02	3.170313e-02	2.030424e-04
85	3.227560e-02	3.170986e-02	2.007524e-04
86	3.195760e-02	3.171274e-02	1.984253e-04
87	3.355800e-02	3.173395e-02	1.972748e-04
88	3.127480e-02	3.172874e-02	1.950899e-04
89	3.093160e-02	3.171978e-02	1.930933e-04
90	2.798200e-02	3.167825e-02	1.954003e-04
91	2.987680e-02	3.165845e-02	1.942524e-04
92	3.034120e-02	3.164413e-02	1.926622e-04
93	3.165800e-02	3.164428e-02	1.905793e-04
94	3.232320e-02	3.165151e-02	1.886793e-04
95	3.127240e-02	3.164752e-02	1.867253e-04
96	3.509800e-02	3.168346e-02	1.882334e-04
97	3.190440e-02	3.168574e-02	1.862966e-04
98	3.329720e-02	3.170218e-02	1.851176e-04
99	3.215560e-02	3.170676e-02	1.832954e-04
100	3.238000e-02	3.171349e-02	1.815781e-04
1	2.883680e-02	2.883680e-02	0.000000e+00
2	2.758960e-02	2.821320e-02	6.236000e-04
3	2.499520e-02	2.714053e-02	1.131477e-03
4	2.610800e-02	2.688240e-02	8.406858e-04
5	2.707880e-02	2.692168e-02	6.523760e-04
6	2.723480e-02	2.697387e-02	5.352131e-04
7	2.850080e-02	2.719200e-02	5.021867e-04
8	2.613680e-02	2.706010e-02	4.544681e-04
9	2.770880e-02	2.713218e-02	4.072326e-04
10	2.619520e-02	2.703848e-02	3.760984e-04
11	2.750840e-02	2.708120e-02	3.428656e-04
12	2.587760e-02	2.698090e-02	3.286702e-04
13	2.977280e-02	2.719566e-02	3.708470e-04
14	2.791680e-02	2.724717e-02	3.471801e-04
15	2.723480e-02	2.724635e-02	3.232081e-04
16	2.544920e-02	2.713403e-02	3.225240e-04
17	2.560680e-02	2.704419e-02	3.159976e-04
18	2.588320e-02	2.697969e-02	3.048274e-04
19	2.779720e-02	2.702272e-02	2.915305e-04
20	2.981000e-02	2.716208e-02	3.096989e-04
21	2.684720e-02	2.714709e-02	2.949637e-04
22	3.043360e-02	2.729647e-02	3.184504e-04
23	2.787680e-02	2.732170e-02	3.053342e-04
24	2.618800e-02	2.727447e-02	2.961272e-04
25	2.553240e-02	2.720478e-02	2.924580e-04
26	2.771960e-02	2.722458e-02	2.816813e-04
27	2.731760e-02	2.722803e-02	2.710699e-04
28	2.580960e-02	2.717737e-02	2.660764e-04
29	2.736640e-02	2.718389e-02	2.568202e-04
30	2.750320e-02	2.719453e-02	2.483401e-04
31	2.740800e-02	2.720142e-02	2.402942e-04
32	2.715480e-02	2.719996e-02	2.326684e-04
33	2.762800e-02	2.721293e-02	2.258804e-04
34	2.618400e-02	2.718267e-02	2.212160e-04
35	2.617320e-02	2.715383e-02	2.167302e-04
36	2.941920e-02	2.721676e-02	2.198232e-04
37	2.483160e-02	2.715229e-02	2.233065e-04
38	2.663320e-02	2.713863e-02	2.177794e-04
39	2.444880e-02	2.706966e-02	2.230528e-04
40	3.149320e-02	2.718025e-02	2.439154e-04
41	2.827080e-02	2.720685e-02	2.393743e-04
42	2.556320e-02	2.716771e-02	2.368607e-04
43	2.581680e-02	2.713630e-02	2.334107e-04
44	2.783840e-02	2.715225e-02	2.286018e-04
45	2.725880e-02	2.715462e-02	2.234766e-04
46	2.533000e-02	2.711496e-02	2.221345e-04
47	2.757600e-02	2.712477e-02	2.175781e-04
48	2.654120e-02	2.711261e-02	2.133437e-04
49	2.496680e-02	2.706882e-02	2.134842e-04
50	2.782200e-02	2.708388e-02	2.097127e-04
51	2.805480e-02	2.710292e-02	2.064392e-04
52	2.579960e-02	2.707785e-02	2.039760e-04
53	3.072680e-02	2.714670e-02	2.116039e-04
54	2.367600e-02	2.708243e-02	2.173678e-04
55	2.620680e-02	2.706651e-02	2.139722e-04
56	2.838440e-02	2.709004e-02	2.114303e-04
57	2.816920e-02	2.710898e-02	2.085491e-04
58	2.834720e-02	2.713032e-02	2.060309e-04
59	2.567880e-02	2.710572e-02	2.039977e-04
60	2.941640e-02	2.714423e-02	2.042327e-04
61	2.774760e-02	2.715412e-02	2.011002e-04
62	2.791520e-02	2.716640e-02	1.982105e-04
63	2.710320e-02	2.716540e-02	1.950415e-04
64	2.736600e-02	2.716853e-02	1.919954e-04
65	2.629720e-02	2.715513e-02	1.894933e-04
66	2.551040e-02	2.713021e-02	1.882567e-04
67	2.875800e-02	2.715450e-02	1.870105e-04
68	2.967640e-02	2.719159e-02	1.879355e-04
69	2.819960e-02	2.720620e-02	1.857671e-04
70	2.854200e-02	2.722528e-02	1.840858e-04
71	2.911680e-02	2.725192e-02	1.834196e-04
72	2.706880e-02	2.724938e-02	1.808721e-04
73	2.548200e-02	2.722517e-02	1.800127e-04
74	2.615320e-02	2.721068e-02	1.781533e-04
75	2.416360e-02	2.717005e-02	1.803964e-04
76	2.852680e-02	2.718791e-02	1.788999e-04
77	2.695000e-02	2.718482e-02	1.765882e-04
78	2.718320e-02	2.718479e-02	1.743096e-04
79	2.863120e-02	2.720310e-02	1.730602e-04
80	2.866040e-02	2.722132e-02	1.718514e-04
81	2.433480e-02	2.718568e-02	1.734175e-04
82	2.750600e-02	2.718959e-02	1.713342e-04
83	2.593160e-02	2.717443e-02	1.699346e-04
84	2.878480e-02	2.719360e-02	1.689903e-04
85	2.534440e-02	2.717185e-02	1.684015e-04
86	2.734720e-02	2.717389e-02	1.664443e-04
87	2.982360e-02	2.720434e-02	1.673154e-04
88	2.714040e-02	2.720362e-02	1.654047e-04
89	2.829680e-02	2.721590e-02	1.639963e-04
90	2.981920e-02	2.724483e-02	1.647235e-04
91	2.748000e-02	2.724741e-02	1.629238e-04
92	2.810440e-02	2.725673e-02	1.614121e-04
93	2.602040e-02	2.724343e-02	1.602196e-04
94	2.836520e-02	2.725537e-02	1.589545e-04
95	2.763640e-02	2.725938e-02	1.573236e-04
96	2.633800e-02	2.724978e-02	1.559717e-04
97	2.514400e-02	2.722807e-02	1.558745e-04
98	2.815960e-02	2.723758e-02	1.545683e-04
99	2.690480e-02	2.723421e-02	1.530360e-04
100	3.055840e-02	2.726746e-02	1.551020e-04
