1	2.850457e-01	2.850457e-01	0.000000e+00
2	2.523198e-01	2.686827e-01	1.636295e-02
3	2.689766e-01	2.687807e-01	9.447661e-03
4	2.759407e-01	2.705707e-01	6.916161e-03
5	2.446941e-01	2.653954e-01	7.448758e-03
6	2.449799e-01	2.619928e-01	6.968998e-03
7	2.322862e-01	2.577490e-01	7.259515e-03
8	2.539722e-01	2.572769e-01	6.304625e-03
9	2.448611e-01	2.558974e-01	5.728739e-03
10	2.551699e-01	2.558246e-01	5.124456e-03
11	2.790251e-01	2.579337e-01	5.092538e-03
12	2.423122e-01	2.566320e-01	4.827658e-03
13	2.610382e-01	2.569709e-01	4.453716e-03
14	2.387485e-01	2.556693e-01	4.323898e-03
15	2.679446e-01	2.564876e-01	4.107674e-03
16	2.754914e-01	2.576754e-01	4.021762e-03
17	2.696672e-01	2.583808e-01	3.843081e-03
18	2.306776e-01	2.568417e-01	3.936619e-03
19	2.661918e-01	2.573338e-01	3.756046e-03
20	2.169988e-01	2.553171e-01	4.094432e-03
21	2.692901e-01	2.559825e-01	3.951012e-03
22	2.311834e-01	2.548552e-01	3.932176e-03
23	2.834481e-01	2.560984e-01	3.957645e-03
24	2.764570e-01	2.569467e-01	3.882947e-03
25	2.336873e-01	2.560163e-01	3.838840e-03
26	3.138259e-01	2.582397e-01	4.306601e-03
27	2.735694e-01	2.588075e-01	4.182742e-03
28	2.747225e-01	2.593759e-01	4.070472e-03
29	2.349944e-01	2.585352e-01	4.016580e-03
30	2.565117e-01	2.584677e-01	3.880971e-03
31	2.530557e-01	2.582931e-01	3.757748e-03
32	2.681069e-01	2.585998e-01	3.651326e-03
33	2.663222e-01	2.588338e-01	3.546679e-03
34	2.620062e-01	2.589271e-01	3.442049e-03
35	2.444602e-01	2.585138e-01	3.367721e-03
36	2.719302e-01	2.588865e-01	3.293986e-03
37	2.781848e-01	2.594080e-01	3.245903e-03
38	2.341640e-01	2.587437e-01	3.228418e-03
39	2.409046e-01	2.582863e-01	3.177643e-03
40	2.599945e-01	2.583290e-01	3.097477e-03
41	2.654041e-01	2.585016e-01	3.025909e-03
42	2.732027e-01	2.588516e-01	2.973657e-03
43	2.864106e-01	2.594925e-01	2.973569e-03
44	2.375382e-01	2.589936e-01	2.947738e-03
45	2.428594e-01	2.586350e-01	2.903709e-03
46	2.491147e-01	2.584281e-01	2.847415e-03
47	2.379343e-01	2.579920e-01	2.820087e-03
48	2.642380e-01	2.581221e-01	2.763775e-03
49	2.354281e-01	2.576590e-01	2.746121e-03
50	2.639373e-01	2.577846e-01	2.693566e-03
51	2.560464e-01	2.577505e-01	2.640443e-03
52	2.299154e-01	2.572152e-01	2.643922e-03
53	2.385508e-01	2.568630e-01	2.617356e-03
54	2.751851e-01	2.572023e-01	2.590743e-03
55	2.484393e-01	2.570430e-01	2.548189e-03
56	2.646069e-01	2.571781e-01	2.505914e-03
57	2.186277e-01	2.565017e-01	2.552779e-03
58	2.495530e-01	2.563819e-01	2.511239e-03
59	2.324867e-01	2.559769e-01	2.501315e-03
60	2.770353e-01	2.563279e-01	2.484191e-03
61	2.642117e-01	2.564572e-01	2.446543e-03
62	2.772898e-01	2.567932e-01	2.430102e-03
63	2.920134e-01	2.573522e-01	2.455700e-03
64	2.698461e-01	2.575474e-01	2.424896e-03
65	2.790110e-01	2.578776e-01	2.410027e-03
66	2.498917e-01	2.577566e-01	2.376313e-03
67	2.570729e-01	2.577464e-01	2.340599e-03
68	2.377504e-01	2.574524e-01	2.324596e-03
69	2.463037e-01	2.572908e-01	2.296350e-03
70	2.363858e-01	2.569922e-01	2.282925e-03
71	2.881303e-01	2.574307e-01	2.292875e-03
72	2.603705e-01	2.574716e-01	2.261174e-03
73	2.490484e-01	2.573562e-01	2.232967e-03
74	2.720730e-01	2.575550e-01	2.211545e-03
75	2.610765e-01	2.576020e-01	2.182364e-03
76	2.710608e-01	2.577791e-01	2.160726e-03
77	2.381466e-01	2.575241e-01	2.147669e-03
78	2.610534e-01	2.575694e-01	2.120438e-03
79	2.634741e-01	2.576441e-01	2.094759e-03
80	2.669951e-01	2.577610e-01	2.071709e-03
81	2.462307e-01	2.576186e-01	2.050919e-03
82	3.148954e-01	2.583171e-01	2.142796e-03
83	2.475351e-01	2.581872e-01	2.120804e-03
84	2.740932e-01	2.583766e-01	2.103943e-03
85	2.712700e-01	2.585283e-01	2.084569e-03
86	2.505039e-01	2.584350e-01	2.062299e-03
87	2.568792e-01	2.584171e-01	2.038535e-03
88	2.591276e-01	2.584252e-01	2.015253e-03
89	2.612483e-01	2.584569e-01	1.992734e-03
90	2.573833e-01	2.584450e-01	1.970504e-03
91	2.315896e-01	2.581498e-01	1.970949e-03
92	2.456900e-01	2.580144e-01	1.954107e-03
93	2.791792e-01	2.582420e-01	1.946331e-03
94	2.741099e-01	2.584108e-01	1.932900e-03
95	2.882889e-01	2.587253e-01	1.938133e-03
96	2.898803e-01	2.590498e-01	1.945103e-03
97	2.314341e-01	2.587651e-01	1.945885e-03
98	2.679163e-01	2.588585e-01	1.928189e-03
99	2.568807e-01	2.588385e-01	1.908718e-03
100	2.197639e-01	2.584478e-01	1.929513e-03
1	5.226846e-01	5.226846e-01	0.000000e+00
2	5.160899e-01	5.193873e-01	3.297319e-03
3	5.303734e-01	5.230493e-01	4.127307e-03
4	5.191124e-01	5.220651e-01	3.079936e-03
5	5.236329e-01	5.223786e-01	2.406226e-03
6	5.121342e-01	5.206712e-01	2.602920e-03
7	5.249234e-01	5.212787e-01	2.282197e-03
8	5.224047e-01	5.214194e-01	1.981446e-03
9	5.215790e-01	5.214372e-01	1.747561e-03
10	5.273546e-01	5.220289e-01	1.671327e-03
11	5.189960e-01	5.217532e-01	1.536709e-03
12	5.138463e-01	5.210943e-01	1.549855e-03
13	5.346908e-01	5.221402e-01	1.768158e-03
14	5.235205e-01	5.222388e-01	1.639963e-03
15	5.279627e-01	5.226204e-01	1.573689e-03
16	5.254769e-01	5.227989e-01	1.482838e-03
17	5.329054e-01	5.233934e-01	1.514449e-03
18	5.135322e-01	5.228455e-01	1.529331e-03
19	5.131082e-01	5.223331e-01	1.534700e-03
20	5.230893e-01	5.223709e-01	1.456435e-03
21	5.155743e-01	5.220472e-01	1.422649e-03
22	5.330196e-01	5.225460e-01	1.445228e-03
23	5.346721e-01	5.230732e-01	1.478182e-03
24	5.305074e-01	5.233829e-01	1.448753e-03
25	5.302823e-01	5.236589e-01	1.416734e-03
26	5.149717e-01	5.233248e-01	1.401563e-03
27	5.307100e-01	5.235983e-01	1.376113e-03
28	5.291238e-01	5.237957e-01	1.340659e-03
29	5.275611e-01	5.239255e-01	1.300104e-03
30	5.344169e-01	5.242752e-01	1.303796e-03
31	5.315925e-01	5.245113e-01	1.282938e-03
32	5.304815e-01	5.246978e-01	1.256132e-03
33	5.353194e-01	5.250197e-01	1.259300e-03
34	5.227747e-01	5.249537e-01	1.223484e-03
35	5.225164e-01	5.248840e-01	1.190052e-03
36	5.153982e-01	5.246205e-01	1.186160e-03
37	5.143568e-01	5.243431e-01	1.186537e-03
38	5.308903e-01	5.245154e-01	1.167672e-03
39	5.197003e-01	5.243920e-01	1.144019e-03
40	5.323804e-01	5.245917e-01	1.132795e-03
41	5.260455e-01	5.246271e-01	1.105390e-03
42	5.202139e-01	5.245221e-01	1.083855e-03
43	5.238036e-01	5.245054e-01	1.058481e-03
44	5.114246e-01	5.242081e-01	1.076028e-03
45	5.218296e-01	5.241552e-01	1.053172e-03
46	5.036405e-01	5.237092e-01	1.122425e-03
47	5.279685e-01	5.237999e-01	1.102016e-03
48	5.312350e-01	5.239548e-01	1.089877e-03
49	5.265247e-01	5.240072e-01	1.068691e-03
50	5.327552e-01	5.241822e-01	1.061615e-03
51	5.274598e-01	5.242464e-01	1.042574e-03
52	5.095078e-01	5.239630e-01	1.060891e-03
53	5.231265e-01	5.239472e-01	1.040801e-03
54	5.244958e-01	5.239574e-01	1.021396e-03
55	5.419518e-01	5.242845e-01	1.054682e-03
56	5.172150e-01	5.241583e-01	1.043342e-03
57	5.375136e-01	5.243926e-01	1.051317e-03
58	5.307342e-01	5.245019e-01	1.038802e-03
59	5.247925e-01	5.245069e-01	1.021055e-03
60	5.218943e-01	5.244633e-01	1.004837e-03
61	5.270226e-01	5.245053e-01	9.891170e-04
62	5.151972e-01	5.243552e-01	9.845466e-04
63	5.181776e-01	5.242571e-01	9.737425e-04
64	5.181747e-01	5.241621e-01	9.631075e-04
65	5.212464e-01	5.241172e-01	9.492351e-04
66	5.405866e-01	5.243667e-01	9.674768e-04
67	5.199003e-01	5.243001e-01	9.552563e-04
68	5.346239e-01	5.244519e-01	9.532709e-04
69	5.307640e-01	5.245434e-01	9.437977e-04
70	5.215080e-01	5.245000e-01	9.312273e-04
71	5.281686e-01	5.245517e-01	9.194707e-04
72	5.327224e-01	5.246652e-01	9.136851e-04
73	5.248292e-01	5.246674e-01	9.010847e-04
74	5.215038e-01	5.246247e-01	8.898520e-04
75	5.421209e-01	5.248579e-01	9.083732e-04
76	5.260719e-01	5.248739e-01	8.964836e-04
77	5.407317e-01	5.250799e-01	9.084169e-04
78	5.223116e-01	5.250444e-01	8.973970e-04
79	5.250553e-01	5.250445e-01	8.859647e-04
80	5.334544e-01	5.251496e-01	8.811136e-04
81	5.303734e-01	5.252141e-01	8.725541e-04
82	5.137690e-01	5.250746e-01	8.730764e-04
83	5.465985e-01	5.253339e-01	9.006353e-04
84	5.167265e-01	5.252314e-01	8.957293e-04
85	5.289332e-01	5.252750e-01	8.861993e-04
86	5.312486e-01	5.253444e-01	8.785841e-04
87	5.318556e-01	5.254193e-01	8.716457e-04
88	5.399956e-01	5.255849e-01	8.774598e-04
89	5.286917e-01	5.256198e-01	8.682467e-04
90	5.271862e-01	5.256372e-01	8.587217e-04
91	5.218081e-01	5.255951e-01	8.502745e-04
92	5.450601e-01	5.258067e-01	8.671877e-04
93	5.293467e-01	5.258448e-01	8.586565e-04
94	5.157755e-01	5.257377e-01	8.562002e-04
95	5.146458e-01	5.256209e-01	8.551476e-04
96	5.096316e-01	5.254543e-01	8.624286e-04
97	5.357258e-01	5.255602e-01	8.600351e-04
98	5.218184e-01	5.255221e-01	8.520699e-04
99	5.126626e-01	5.253922e-01	8.533630e-04
100	5.253231e-01	5.253915e-01	8.447865e-04
1	4.915918e-01	4.915918e-01	0.000000e+00
2	4.983646e-01	4.949782e-01	3.386399e-03
3	4.988157e-01	4.962574e-01	2.336402e-03
4	5.078022e-01	4.991436e-01	3.325604e-03
5	5.078195e-01	5.008788e-01	3.105906e-03
6	4.885066e-01	4.988168e-01	3.268495e-03
7	4.955827e-01	4.983547e-01	2.800752e-03
8	5.065119e-01	4.993744e-01	2.631128e-03
9	4.903286e-01	4.983693e-01	2.528761e-03
10	5.017598e-01	4.987083e-01	2.287064e-03
11	5.043462e-01	4.992209e-01	2.131272e-03
12	4.888959e-01	4.983605e-01	2.127339e-03
13	4.969068e-01	4.982486e-01	1.960059e-03
14	4.952159e-01	4.980320e-01	1.827546e-03
15	5.066018e-01	4.986033e-01	1.794717e-03
16	4.936867e-01	4.982960e-01	1.706696e-03
17	4.986350e-01	4.983160e-01	1.603286e-03
18	5.066206e-01	4.987774e-01	1.580435e-03
19	5.068859e-01	4.992041e-01	1.554664e-03
20	4.894996e-01	4.987189e-01	1.552652e-03
21	4.946085e-01	4.985232e-01	1.489781e-03
22	4.979374e-01	4.984965e-01	1.420700e-03
23	4.919107e-01	4.982102e-01	1.387396e-03
24	4.946724e-01	4.980628e-01	1.336484e-03
25	5.041028e-01	4.983044e-01	1.304479e-03
26	4.989165e-01	4.983279e-01	1.253524e-03
27	5.007152e-01	4.984163e-01	1.209440e-03
28	4.955712e-01	4.983147e-01	1.169867e-03
29	4.937548e-01	4.981575e-01	1.139705e-03
30	5.048241e-01	4.983797e-01	1.123260e-03
31	4.919976e-01	4.981738e-01	1.105757e-03
32	5.043619e-01	4.983672e-01	1.087968e-03
33	4.927108e-01	4.981958e-01	1.068324e-03
34	5.015897e-01	4.982956e-01	1.041222e-03
35	4.926764e-01	4.981351e-01	1.023703e-03
36	4.912721e-01	4.979444e-01	1.012962e-03
37	4.916664e-01	4.977748e-01	9.997086e-04
38	4.981083e-01	4.977835e-01	9.730845e-04
39	5.046110e-01	4.979586e-01	9.638370e-04
40	4.986978e-01	4.979771e-01	9.396138e-04
41	5.001636e-01	4.980304e-01	9.179603e-04
42	4.952553e-01	4.979643e-01	8.982710e-04
43	4.962599e-01	4.979247e-01	8.780275e-04
44	5.031896e-01	4.980444e-01	8.661453e-04
45	5.029133e-01	4.981526e-01	8.535644e-04
46	4.938970e-01	4.980600e-01	8.399129e-04
47	4.998688e-01	4.980985e-01	8.227487e-04
48	5.073354e-01	4.982910e-01	8.280955e-04
49	4.980513e-01	4.982861e-01	8.110343e-04
50	5.031542e-01	4.983834e-01	8.005905e-04
51	4.906705e-01	4.982322e-01	7.991758e-04
52	4.932090e-01	4.981356e-01	7.895877e-04
53	5.114487e-01	4.983868e-01	8.142598e-04
54	4.985174e-01	4.983892e-01	7.990423e-04
55	5.046462e-01	4.985030e-01	7.925869e-04
56	5.037327e-01	4.985964e-01	7.838876e-04
57	4.941760e-01	4.985188e-01	7.739077e-04
58	4.883484e-01	4.983435e-01	7.804028e-04
59	5.055901e-01	4.984663e-01	7.768329e-04
60	4.942127e-01	4.983954e-01	7.670591e-04
61	4.969213e-01	4.983712e-01	7.547665e-04
62	5.087155e-01	4.985381e-01	7.610076e-04
63	4.954280e-01	4.984887e-01	7.504562e-04
64	4.986421e-01	4.984911e-01	7.386412e-04
65	4.850906e-01	4.982849e-01	7.558480e-04
66	5.004530e-01	4.983178e-01	7.450322e-04
67	4.950582e-01	4.982691e-01	7.354390e-04
68	4.921172e-01	4.981787e-01	7.301693e-04
69	4.983116e-01	4.981806e-01	7.195119e-04
70	5.004557e-01	4.982131e-01	7.099031e-04
71	4.885564e-01	4.980771e-01	7.129270e-04
72	4.932720e-01	4.980104e-01	7.061163e-04
73	5.172001e-01	4.982732e-01	7.443399e-04
74	5.025918e-01	4.983316e-01	7.365281e-04
75	5.000113e-01	4.983540e-01	7.269864e-04
76	5.079323e-01	4.984800e-01	7.283438e-04
77	4.939900e-01	4.984217e-01	7.211839e-04
78	5.025016e-01	4.984740e-01	7.137969e-04
79	4.940340e-01	4.984178e-01	7.069412e-04
80	4.940863e-01	4.983637e-01	7.001451e-04
81	5.141698e-01	4.985588e-01	7.184552e-04
82	4.889725e-01	4.984419e-01	7.192046e-04
83	5.035512e-01	4.985035e-01	7.131484e-04
84	4.934648e-01	4.984435e-01	7.071560e-04
85	4.997743e-01	4.984591e-01	6.989624e-04
86	4.964568e-01	4.984358e-01	6.911794e-04
87	5.001779e-01	4.984559e-01	6.834820e-04
88	4.884553e-01	4.983422e-01	6.851608e-04
89	4.906725e-01	4.982560e-01	6.828780e-04
90	4.974182e-01	4.982467e-01	6.753120e-04
91	5.108720e-01	4.983855e-01	6.821084e-04
92	4.991467e-01	4.983937e-01	6.747041e-04
93	5.043365e-01	4.984576e-01	6.704619e-04
94	5.000895e-01	4.984750e-01	6.635181e-04
95	5.067030e-01	4.985616e-01	6.621851e-04
96	4.939837e-01	4.985139e-01	6.569840e-04
97	4.947163e-01	4.984748e-01	6.513534e-04
98	5.038287e-01	4.985294e-01	6.469834e-04
99	4.906854e-01	4.984502e-01	6.452975e-04
100	5.017938e-01	4.984836e-01	6.396864e-04
1	4.605801e-01	4.605801e-01	0.000000e+00
2	4.544487e-01	4.575144e-01	3.065659e-03
3	4.558267e-01	4.569518e-01	1.857208e-03
4	4.496035e-01	4.551147e-01	2.258213e-03
5	4.579253e-01	4.556769e-01	1.837304e-03
6	4.577320e-01	4.560194e-01	1.538761e-03
7	4.551834e-01	4.559000e-01	1.305962e-03
8	4.528069e-01	4.555133e-01	1.195258e-03
9	4.588614e-01	4.558853e-01	1.117836e-03
10	4.514873e-01	4.554455e-01	1.092278e-03
11	4.578431e-01	4.556635e-01	1.011759e-03
12	4.516492e-01	4.553290e-01	9.823202e-04
13	4.577572e-01	4.555158e-01	9.227070e-04
14	4.583229e-01	4.557163e-01	8.774770e-04
15	4.525343e-01	4.555041e-01	8.439808e-04
16	4.559445e-01	4.555317e-01	7.899514e-04
17	4.515893e-01	4.552998e-01	7.774247e-04
18	4.525220e-01	4.551454e-01	7.490322e-04
19	4.519510e-01	4.549773e-01	7.281892e-04
20	4.501744e-01	4.547372e-01	7.313712e-04
21	4.579129e-01	4.548884e-01	7.119200e-04
22	4.524891e-01	4.547793e-01	6.874941e-04
23	4.582519e-01	4.549303e-01	6.740505e-04
24	4.530573e-01	4.548523e-01	6.500557e-04
25	4.588902e-01	4.550138e-01	6.440919e-04
26	4.595851e-01	4.551896e-01	6.433151e-04
27	4.550259e-01	4.551835e-01	6.190599e-04
28	4.465515e-01	4.548753e-01	6.714919e-04
29	4.547513e-01	4.548710e-01	6.479375e-04
30	4.568855e-01	4.549381e-01	6.295585e-04
31	4.612717e-01	4.551424e-01	6.422737e-04
32	4.550868e-01	4.551407e-01	6.218813e-04
33	4.518823e-01	4.550420e-01	6.107758e-04
34	4.579665e-01	4.551280e-01	5.987500e-04
35	4.572796e-01	4.551895e-01	5.846322e-04
36	4.536900e-01	4.551478e-01	5.696852e-04
37	4.514910e-01	4.550490e-01	5.628199e-04
38	4.498242e-01	4.549115e-01	5.648002e-04
39	4.502137e-01	4.547910e-01	5.631607e-04
40	4.418590e-01	4.544677e-01	6.370364e-04
41	4.507579e-01	4.543772e-01	6.278590e-04
42	4.537025e-01	4.543612e-01	6.129382e-04
43	4.486252e-01	4.542278e-01	6.131993e-04
44	4.511474e-01	4.541578e-01	6.031775e-04
45	4.556784e-01	4.541916e-01	5.905889e-04
46	4.484911e-01	4.540676e-01	5.907515e-04
47	4.546645e-01	4.540803e-01	5.781851e-04
48	4.522995e-01	4.540432e-01	5.672260e-04
49	4.527613e-01	4.540171e-01	5.561451e-04
50	4.486494e-01	4.539097e-01	5.553830e-04
51	4.479887e-01	4.537936e-01	5.566263e-04
52	4.552337e-01	4.538213e-01	5.465191e-04
53	4.548231e-01	4.538402e-01	5.364413e-04
54	4.559890e-01	4.538800e-01	5.279153e-04
55	4.554227e-01	4.539081e-01	5.189864e-04
56	4.526134e-01	4.538849e-01	5.101587e-04
57	4.567659e-01	4.539355e-01	5.036711e-04
58	4.514118e-01	4.538920e-01	4.968200e-04
59	4.524646e-01	4.538678e-01	4.889256e-04
60	4.607882e-01	4.539831e-01	4.943514e-04
61	4.595273e-01	4.540740e-01	4.946023e-04
62	4.603722e-01	4.541756e-01	4.970506e-04
63	4.502384e-01	4.541131e-01	4.930739e-04
64	4.598906e-01	4.542034e-01	4.936330e-04
65	4.608221e-01	4.543052e-01	4.965324e-04
66	4.538230e-01	4.542979e-01	4.890059e-04
67	4.504236e-01	4.542401e-01	4.851108e-04
68	4.553981e-01	4.542571e-01	4.782269e-04
69	4.526253e-01	4.542334e-01	4.718382e-04
70	4.493915e-01	4.541643e-01	4.701648e-04
71	4.561768e-01	4.541926e-01	4.643613e-04
72	4.556599e-01	4.542130e-01	4.583198e-04
73	4.517922e-01	4.541798e-01	4.532126e-04
74	4.534399e-01	4.541698e-01	4.471580e-04
75	4.502903e-01	4.541181e-01	4.441778e-04
76	4.541912e-01	4.541191e-01	4.382954e-04
77	4.529587e-01	4.541040e-01	4.328283e-04
78	4.603530e-01	4.541841e-01	4.346898e-04
79	4.570967e-01	4.542210e-01	4.307328e-04
80	4.606137e-01	4.543009e-01	4.327562e-04
81	4.486226e-01	4.542308e-01	4.330912e-04
82	4.494132e-01	4.541720e-01	4.317926e-04
83	4.464814e-01	4.540794e-01	4.365063e-04
84	4.545988e-01	4.540856e-01	4.313228e-04
85	4.554479e-01	4.541016e-01	4.265194e-04
86	4.550540e-01	4.541127e-01	4.216762e-04
87	4.543429e-01	4.541153e-01	4.168095e-04
88	4.520468e-01	4.540918e-01	4.127158e-04
89	4.538814e-01	4.540894e-01	4.080590e-04
90	4.603090e-01	4.541586e-01	4.093746e-04
91	4.470635e-01	4.540806e-01	4.122904e-04
92	4.580914e-01	4.541242e-01	4.101080e-04
93	4.532002e-01	4.541142e-01	4.057959e-04
94	4.636882e-01	4.542161e-01	4.141743e-04
95	4.535221e-01	4.542088e-01	4.098565e-04
96	4.566835e-01	4.542346e-01	4.063831e-04
97	4.606096e-01	4.543003e-01	4.075064e-04
98	4.591150e-01	4.543494e-01	4.063080e-04
99	4.528921e-01	4.543347e-01	4.024523e-04
100	4.570840e-01	4.543622e-01	3.993549e-04
1	4.128250e-01	4.128250e-01	0.000000e+00
2	4.108915e-01	4.118582e-01	9.667507e-04
3	4.065248e-01	4.100804e-01	1.863372e-03
4	4.028304e-01	4.082679e-01	2.240815e-03
5	4.126848e-01	4.091513e-01	1.947590e-03
6	4.143022e-01	4.100098e-01	1.807137e-03
7	4.141816e-01	4.106057e-01	1.639469e-03
8	4.105825e-01	4.106028e-01	1.419825e-03
9	4.129205e-01	4.108604e-01	1.278373e-03
10	4.099033e-01	4.107647e-01	1.147410e-03
11	4.121986e-01	4.108950e-01	1.046026e-03
12	4.120076e-01	4.109877e-01	9.593777e-04
13	4.115218e-01	4.110288e-01	8.834548e-04
14	4.151658e-01	4.113243e-01	8.696616e-04
15	4.086126e-01	4.111435e-01	8.295496e-04
16	4.084921e-01	4.109778e-01	7.934706e-04
17	4.096019e-01	4.108969e-01	7.497175e-04
18	4.085003e-01	4.107637e-01	7.192707e-04
19	4.077230e-01	4.106037e-01	6.989313e-04
20	4.020281e-01	4.101749e-01	7.896243e-04
21	4.094944e-01	4.101425e-01	7.517813e-04
22	4.118713e-01	4.102211e-01	7.210899e-04
23	4.082936e-01	4.101373e-01	6.941029e-04
24	4.094495e-01	4.101086e-01	6.651706e-04
25	4.072138e-01	4.099928e-01	6.484318e-04
26	4.101353e-01	4.099983e-01	6.230172e-04
27	4.086906e-01	4.099499e-01	6.014519e-04
28	4.089061e-01	4.099126e-01	5.807711e-04
29	4.136510e-01	4.100415e-01	5.750228e-04
30	4.061398e-01	4.099115e-01	5.705464e-04
31	4.117221e-01	4.099699e-01	5.549171e-04
32	4.126897e-01	4.100549e-01	5.439771e-04
33	4.103914e-01	4.100651e-01	5.273340e-04
34	4.132282e-01	4.101581e-01	5.199798e-04
35	4.087338e-01	4.101174e-01	5.065419e-04
36	4.101447e-01	4.101182e-01	4.922708e-04
37	4.072473e-01	4.100406e-01	4.850277e-04
38	4.126051e-01	4.101081e-01	4.768907e-04
39	4.077869e-01	4.100485e-01	4.682993e-04
40	4.112808e-01	4.100793e-01	4.574801e-04
41	4.109643e-01	4.101009e-01	4.467042e-04
42	4.088148e-01	4.100703e-01	4.370128e-04
43	4.132294e-01	4.101438e-01	4.330067e-04
44	4.115116e-01	4.101749e-01	4.241918e-04
45	4.133064e-01	4.102444e-01	4.204570e-04
46	4.096711e-01	4.102320e-01	4.114039e-04
47	4.082420e-01	4.101896e-01	4.047760e-04
48	4.060237e-01	4.101029e-01	4.056469e-04
49	4.049503e-01	4.099977e-01	4.109628e-04
50	4.103893e-01	4.100055e-01	4.027358e-04
51	4.129640e-01	4.100635e-01	3.989994e-04
52	4.169469e-01	4.101959e-01	4.130373e-04
53	4.152245e-01	4.102908e-01	4.161299e-04
54	4.123614e-01	4.103291e-01	4.101475e-04
55	4.114200e-01	4.103490e-01	4.031095e-04
56	4.045306e-01	4.102451e-01	4.092538e-04
57	4.103424e-01	4.102468e-01	4.020135e-04
58	4.118997e-01	4.102753e-01	3.960481e-04
59	4.088479e-01	4.102511e-01	3.900286e-04
60	4.115379e-01	4.102725e-01	3.840723e-04
61	4.094977e-01	4.102598e-01	3.779371e-04
62	4.066794e-01	4.102021e-01	3.762497e-04
63	4.103401e-01	4.102043e-01	3.702358e-04
64	4.073068e-01	4.101590e-01	3.672064e-04
65	4.049179e-01	4.100784e-01	3.703959e-04
66	4.115542e-01	4.101007e-01	3.654255e-04
67	4.094266e-01	4.100907e-01	3.600707e-04
68	4.127155e-01	4.101293e-01	3.568300e-04
69	4.065716e-01	4.100777e-01	3.553807e-04
70	4.102661e-01	4.100804e-01	3.502774e-04
71	4.100984e-01	4.100807e-01	3.453088e-04
72	4.057740e-01	4.100208e-01	3.456933e-04
73	4.106728e-01	4.100298e-01	3.410418e-04
74	4.108829e-01	4.100413e-01	3.365991e-04
75	4.082750e-01	4.100177e-01	3.329148e-04
76	4.063912e-01	4.099700e-01	3.319527e-04
77	4.075893e-01	4.099391e-01	3.290690e-04
78	4.131337e-01	4.099801e-01	3.273946e-04
79	4.095170e-01	4.099742e-01	3.232769e-04
80	4.136904e-01	4.100207e-01	3.225726e-04
81	4.121274e-01	4.100467e-01	3.196254e-04
82	4.097365e-01	4.100429e-01	3.157261e-04
83	4.135716e-01	4.100854e-01	3.147831e-04
84	4.104979e-01	4.100903e-01	3.110519e-04
85	4.089109e-01	4.100764e-01	3.076837e-04
86	4.126438e-01	4.101063e-01	3.055468e-04
87	4.104987e-01	4.101108e-01	3.020481e-04
88	4.108717e-01	4.101194e-01	2.987211e-04
89	4.104820e-01	4.101235e-01	2.953737e-04
90	4.126810e-01	4.101519e-01	2.934524e-04
91	4.054555e-01	4.101003e-01	2.947629e-04
92	4.068622e-01	4.100651e-01	2.936583e-04
93	4.126704e-01	4.100931e-01	2.918312e-04
94	4.103049e-01	4.100954e-01	2.887187e-04
95	4.086832e-01	4.100805e-01	2.860499e-04
96	4.094804e-01	4.100743e-01	2.831236e-04
97	4.059303e-01	4.100316e-01	2.834278e-04
98	4.071124e-01	4.100018e-01	2.820979e-04
99	4.063179e-01	4.099646e-01	2.817023e-04
100	4.075667e-01	4.099406e-01	2.799000e-04
1	3.668192e-01	3.668192e-01	0.000000e+00
2	3.662362e-01	3.665277e-01	2.914859e-04
3	3.659887e-01	3.663480e-01	2.461778e-04
4	3.680413e-01	3.667713e-01	4.577053e-04
5	3.638439e-01	3.661859e-01	6.844699e-04
6	3.625186e-01	3.655746e-01	8.281952e-04
7	3.614642e-01	3.649874e-01	9.136478e-04
8	3.659448e-01	3.651071e-01	8.002407e-04
9	3.613577e-01	3.646905e-01	8.195321e-04
10	3.652692e-01	3.647484e-01	7.352925e-04
11	3.640708e-01	3.646868e-01	6.679431e-04
12	3.640032e-01	3.646298e-01	6.124007e-04
13	3.639804e-01	3.645799e-01	5.655377e-04
14	3.646068e-01	3.645818e-01	5.235897e-04
15	3.671040e-01	3.647499e-01	5.156231e-04
16	3.632503e-01	3.646562e-01	4.913434e-04
17	3.633590e-01	3.645799e-01	4.678025e-04
18	3.648798e-01	3.645966e-01	4.413630e-04
19	3.650817e-01	3.646221e-01	4.182677e-04
20	3.630202e-01	3.645420e-01	4.048061e-04
21	3.585132e-01	3.642549e-01	4.802907e-04
22	3.651509e-01	3.642956e-01	4.597466e-04
23	3.653432e-01	3.643412e-01	4.416580e-04
24	3.660451e-01	3.644122e-01	4.287740e-04
25	3.659679e-01	3.644744e-01	4.159471e-04
26	3.628357e-01	3.644114e-01	4.045685e-04
27	3.658778e-01	3.644657e-01	3.930665e-04
28	3.617865e-01	3.643700e-01	3.906676e-04
29	3.583210e-01	3.641614e-01	4.308178e-04
30	3.634063e-01	3.641363e-01	4.169701e-04
31	3.669393e-01	3.642267e-01	4.133072e-04
32	3.643070e-01	3.642292e-01	4.001909e-04
33	3.632859e-01	3.642006e-01	3.889262e-04
34	3.647772e-01	3.642176e-01	3.776947e-04
35	3.636368e-01	3.642010e-01	3.671198e-04
36	3.655013e-01	3.642371e-01	3.586002e-04
37	3.658550e-01	3.642808e-01	3.515041e-04
38	3.660166e-01	3.643265e-01	3.451648e-04
39	3.642816e-01	3.643253e-01	3.361999e-04
40	3.662231e-01	3.643728e-01	3.311041e-04
41	3.657676e-01	3.644068e-01	3.247145e-04
42	3.646088e-01	3.644116e-01	3.169254e-04
43	3.654511e-01	3.644358e-01	3.104100e-04
44	3.639252e-01	3.644242e-01	3.034951e-04
45	3.575185e-01	3.642707e-01	3.340138e-04
46	3.620530e-01	3.642225e-01	3.302104e-04
47	3.659924e-01	3.642602e-01	3.252952e-04
48	3.660940e-01	3.642984e-01	3.207297e-04
49	3.652166e-01	3.643171e-01	3.146745e-04
50	3.657736e-01	3.643462e-01	3.096897e-04
51	3.697101e-01	3.644514e-01	3.212601e-04
52	3.616978e-01	3.643985e-01	3.194412e-04
53	3.651412e-01	3.644125e-01	3.136692e-04
54	3.622133e-01	3.643718e-01	3.104882e-04
55	3.652113e-01	3.643870e-01	3.051726e-04
56	3.650586e-01	3.643990e-01	2.999134e-04
57	3.638920e-01	3.643901e-01	2.947391e-04
58	3.647526e-01	3.643964e-01	2.896802e-04
59	3.636316e-01	3.643834e-01	2.850230e-04
60	3.645622e-01	3.643864e-01	2.802482e-04
61	3.681321e-01	3.644478e-01	2.823730e-04
62	3.657526e-01	3.644688e-01	2.785774e-04
63	3.689375e-01	3.645398e-01	2.831482e-04
64	3.713723e-01	3.646465e-01	2.984373e-04
65	3.623569e-01	3.646113e-01	2.959142e-04
66	3.634177e-01	3.645932e-01	2.919568e-04
67	3.626324e-01	3.645639e-01	2.890516e-04
68	3.647675e-01	3.645669e-01	2.847848e-04
69	3.601993e-01	3.645036e-01	2.876777e-04
70	3.626081e-01	3.644766e-01	2.848284e-04
71	3.647767e-01	3.644808e-01	2.808199e-04
72	3.617698e-01	3.644431e-01	2.794404e-04
73	3.603661e-01	3.643873e-01	2.811881e-04
74	3.636665e-01	3.643775e-01	2.775332e-04
75	3.650442e-01	3.643864e-01	2.739520e-04
76	3.645436e-01	3.643885e-01	2.703313e-04
77	3.640133e-01	3.643836e-01	2.668419e-04
78	3.670993e-01	3.644184e-01	2.656896e-04
79	3.654951e-01	3.644321e-01	2.626587e-04
80	3.647159e-01	3.644356e-01	2.593790e-04
81	3.613075e-01	3.643970e-01	2.590516e-04
82	3.648734e-01	3.644028e-01	2.559388e-04
83	3.627364e-01	3.643827e-01	2.536323e-04
84	3.674001e-01	3.644187e-01	2.531561e-04
85	3.654392e-01	3.644307e-01	2.504480e-04
86	3.603408e-01	3.643831e-01	2.520459e-04
87	3.602773e-01	3.643359e-01	2.535624e-04
88	3.632665e-01	3.643238e-01	2.509589e-04
89	3.625177e-01	3.643035e-01	2.489515e-04
90	3.662942e-01	3.643256e-01	2.471616e-04
91	3.681128e-01	3.643672e-01	2.479482e-04
92	3.679498e-01	3.644061e-01	2.483108e-04
93	3.636112e-01	3.643976e-01	2.457749e-04
94	3.642228e-01	3.643957e-01	2.431534e-04
95	3.653559e-01	3.644058e-01	2.407924e-04
96	3.652711e-01	3.644149e-01	2.384414e-04
97	3.613602e-01	3.643834e-01	2.380625e-04
98	3.622469e-01	3.643616e-01	2.366271e-04
99	3.670817e-01	3.643890e-01	2.358308e-04
100	3.637816e-01	3.643830e-01	2.335396e-04
1	3.237297e-01	3.237297e-01	0.000000e+00
2	3.229535e-01	3.233416e-01	3.880560e-04
3	3.204088e-01	3.223640e-01	1.002930e-03
4	3.258282e-01	3.232300e-01	1.119355e-03
5	3.225731e-01	3.230987e-01	8.769468e-04
6	3.218176e-01	3.228852e-01	7.471777e-04
7	3.235672e-01	3.229826e-01	6.389539e-04
8	3.239386e-01	3.231021e-01	5.661064e-04
9	3.236438e-01	3.231623e-01	5.028736e-04
10	3.231920e-01	3.231653e-01	4.497937e-04
11	3.264283e-01	3.234619e-01	5.035145e-04
12	3.190235e-01	3.230920e-01	5.899801e-04
13	3.209190e-01	3.229249e-01	5.678631e-04
14	3.244233e-01	3.230319e-01	5.365230e-04
15	3.210776e-01	3.229016e-01	5.161892e-04
16	3.192034e-01	3.226705e-01	5.353218e-04
17	3.258584e-01	3.228580e-01	5.366760e-04
18	3.225814e-01	3.228426e-01	5.062164e-04
19	3.212628e-01	3.227595e-01	4.859982e-04
20	3.239439e-01	3.228187e-01	4.648462e-04
21	3.201119e-01	3.226898e-01	4.605615e-04
22	3.206188e-01	3.225957e-01	4.491051e-04
23	3.234500e-01	3.226328e-01	4.307393e-04
24	3.253574e-01	3.227463e-01	4.277410e-04
25	3.225131e-01	3.227370e-01	4.103809e-04
26	3.254358e-01	3.228408e-01	4.077153e-04
27	3.225263e-01	3.228292e-01	3.924971e-04
28	3.233417e-01	3.228475e-01	3.786624e-04
29	3.200837e-01	3.227522e-01	3.775968e-04
30	3.256799e-01	3.228498e-01	3.776217e-04
31	3.201899e-01	3.227640e-01	3.751803e-04
32	3.227850e-01	3.227646e-01	3.632673e-04
33	3.240189e-01	3.228026e-01	3.541330e-04
34	3.213914e-01	3.227611e-01	3.460577e-04
35	3.220961e-01	3.227421e-01	3.365616e-04
36	3.212591e-01	3.227009e-01	3.296630e-04
37	3.222233e-01	3.226880e-01	3.208891e-04
38	3.222338e-01	3.226761e-01	3.125591e-04
39	3.235574e-01	3.226987e-01	3.052770e-04
40	3.213696e-01	3.226654e-01	2.993967e-04
41	3.205304e-01	3.226134e-01	2.966098e-04
42	3.198428e-01	3.225474e-01	2.968830e-04
43	3.190494e-01	3.224660e-01	3.010942e-04
44	3.226707e-01	3.224707e-01	2.942083e-04
45	3.226483e-01	3.224746e-01	2.876231e-04
46	3.200564e-01	3.224221e-01	2.861709e-04
47	3.220225e-01	3.224136e-01	2.801450e-04
48	3.218986e-01	3.224028e-01	2.744563e-04
49	3.223958e-01	3.224027e-01	2.687968e-04
50	3.205306e-01	3.223653e-01	2.660144e-04
51	3.194273e-01	3.223076e-01	2.670341e-04
52	3.237620e-01	3.223356e-01	2.633380e-04
53	3.257979e-01	3.224009e-01	2.664535e-04
54	3.224943e-01	3.224027e-01	2.614783e-04
55	3.217212e-01	3.223903e-01	2.569790e-04
56	3.237454e-01	3.224145e-01	2.535060e-04
57	3.213012e-01	3.223949e-01	2.497836e-04
58	3.252477e-01	3.224441e-01	2.503191e-04
59	3.234714e-01	3.224615e-01	2.466551e-04
60	3.201346e-01	3.224228e-01	2.455907e-04
61	3.233387e-01	3.224378e-01	2.419973e-04
62	3.244142e-01	3.224697e-01	2.401869e-04
63	3.243804e-01	3.225000e-01	2.382818e-04
64	3.229600e-01	3.225072e-01	2.346392e-04
65	3.256371e-01	3.225553e-01	2.359667e-04
66	3.228103e-01	3.225592e-01	2.323960e-04
67	3.219555e-01	3.225502e-01	2.290784e-04
68	3.244680e-01	3.225784e-01	2.274400e-04
69	3.218820e-01	3.225683e-01	2.243466e-04
70	3.205734e-01	3.225398e-01	2.229473e-04
71	3.206010e-01	3.225125e-01	2.214747e-04
72	3.231956e-01	3.225220e-01	2.185830e-04
73	3.212496e-01	3.225045e-01	2.162714e-04
74	3.245806e-01	3.225326e-01	2.151656e-04
75	3.225156e-01	3.225324e-01	2.122775e-04
76	3.223565e-01	3.225301e-01	2.094785e-04
77	3.249435e-01	3.225614e-01	2.091025e-04
78	3.236352e-01	3.225752e-01	2.068629e-04
79	3.222841e-01	3.225715e-01	2.042608e-04
80	3.261120e-01	3.226157e-01	2.064898e-04
81	3.227031e-01	3.226168e-01	2.039275e-04
82	3.211773e-01	3.225993e-01	2.021887e-04
83	3.230010e-01	3.226041e-01	1.997965e-04
84	3.210883e-01	3.225861e-01	1.982267e-04
85	3.216296e-01	3.225748e-01	1.962037e-04
86	3.231991e-01	3.225821e-01	1.940446e-04
87	3.223670e-01	3.225796e-01	1.918172e-04
88	3.240849e-01	3.225967e-01	1.903949e-04
89	3.223434e-01	3.225939e-01	1.882650e-04
90	3.230129e-01	3.225985e-01	1.862197e-04
91	3.194964e-01	3.225644e-01	1.872904e-04
92	3.205184e-01	3.225422e-01	1.865736e-04
93	3.209277e-01	3.225248e-01	1.853712e-04
94	3.170214e-01	3.224663e-01	1.925074e-04
95	3.221301e-01	3.224627e-01	1.905031e-04
96	3.232385e-01	3.224708e-01	1.886813e-04
97	3.256717e-01	3.225038e-01	1.896194e-04
98	3.201054e-01	3.224793e-01	1.892636e-04
99	3.226406e-01	3.224810e-01	1.873492e-04
100	3.213386e-01	3.224695e-01	1.858177e-04
1	2.831646e-01	2.831646e-01	0.000000e+00
2	2.848404e-01	2.840025e-01	8.379168e-04
3	2.852281e-01	2.844110e-01	6.331825e-04
4	2.852032e-01	2.846091e-01	4.895724e-04
5	2.841736e-01	2.845220e-01	3.890967e-04
6	2.838980e-01	2.844180e-01	3.342821e-04
7	2.840965e-01	2.843721e-01	2.862284e-04
8	2.835932e-01	2.842747e-01	2.663163e-04
9	2.841477e-01	2.842606e-01	2.352926e-04
10	2.833140e-01	2.841659e-01	2.307590e-04
11	2.846986e-01	2.842144e-01	2.142721e-04
12	2.827728e-01	2.840942e-01	2.295448e-04
13	2.854884e-01	2.842015e-01	2.368229e-04
14	2.829575e-01	2.841126e-01	2.365757e-04
15	2.840903e-01	2.841111e-01	2.202450e-04
16	2.826072e-01	2.840171e-01	2.264501e-04
17	2.856114e-01	2.841109e-01	2.324692e-04
18	2.845501e-01	2.841353e-01	2.205281e-04
19	2.850405e-01	2.841830e-01	2.139695e-04
20	2.827128e-01	2.841095e-01	2.158884e-04
21	2.820582e-01	2.840118e-01	2.273976e-04
22	2.828752e-01	2.839601e-01	2.228854e-04
23	2.868651e-01	2.840864e-01	2.476111e-04
24	2.849445e-01	2.841222e-01	2.397507e-04
25	2.848036e-01	2.841494e-01	2.315707e-04
26	2.837625e-01	2.841345e-01	2.229830e-04
27	2.861094e-01	2.842077e-01	2.266894e-04
28	2.854175e-01	2.842509e-01	2.226754e-04
29	2.865796e-01	2.843312e-01	2.293750e-04
30	2.893753e-01	2.844993e-01	2.781632e-04
31	2.841128e-01	2.844869e-01	2.693295e-04
32	2.826532e-01	2.844296e-01	2.669985e-04
33	2.863151e-01	2.844867e-01	2.650140e-04
34	2.841521e-01	2.844769e-01	2.572896e-04
35	2.830812e-01	2.844370e-01	2.529929e-04
36	2.811102e-01	2.843446e-01	2.626582e-04
37	2.845564e-01	2.843503e-01	2.555249e-04
38	2.823933e-01	2.842988e-01	2.539857e-04
39	2.836228e-01	2.842815e-01	2.479939e-04
40	2.842020e-01	2.842795e-01	2.417227e-04
41	2.817841e-01	2.842186e-01	2.434827e-04
42	2.859531e-01	2.842599e-01	2.411767e-04
43	2.837706e-01	2.842485e-01	2.357759e-04
44	2.837055e-01	2.842362e-01	2.306854e-04
45	2.846162e-01	2.842446e-01	2.256589e-04
46	2.844105e-01	2.842482e-01	2.207282e-04
47	2.846898e-01	2.842576e-01	2.161850e-04
48	2.835377e-01	2.842426e-01	2.121641e-04
49	2.845008e-01	2.842479e-01	2.078559e-04
50	2.819775e-01	2.842025e-01	2.086573e-04
51	2.816798e-01	2.841530e-01	2.104218e-04
52	2.824544e-01	2.841204e-01	2.089054e-04
53	2.833191e-01	2.841052e-01	2.054827e-04
54	2.874074e-01	2.841664e-01	2.107102e-04
55	2.831972e-01	2.841488e-01	2.075929e-04
56	2.877835e-01	2.842137e-01	2.139355e-04
57	2.860881e-01	2.842466e-01	2.127060e-04
58	2.863251e-01	2.842824e-01	2.120566e-04
59	2.822677e-01	2.842483e-01	2.112101e-04
60	2.837495e-01	2.842399e-01	2.078264e-04
61	2.821671e-01	2.842060e-01	2.071965e-04
62	2.860111e-01	2.842351e-01	2.058962e-04
63	2.867225e-01	2.842746e-01	2.064130e-04
64	2.818357e-01	2.842365e-01	2.067050e-04
65	2.829005e-01	2.842159e-01	2.045353e-04
66	2.860849e-01	2.842442e-01	2.033934e-04
67	2.843849e-01	2.842463e-01	2.003457e-04
68	2.858482e-01	2.842699e-01	1.987783e-04
69	2.840255e-01	2.842663e-01	1.959083e-04
70	2.858322e-01	2.842887e-01	1.943808e-04
71	2.831961e-01	2.842733e-01	1.922404e-04
72	2.866405e-01	2.843062e-01	1.923818e-04
73	2.845988e-01	2.843102e-01	1.897704e-04
74	2.853563e-01	2.843243e-01	1.877215e-04
75	2.861358e-01	2.843485e-01	1.867700e-04
76	2.815857e-01	2.843121e-01	1.878473e-04
77	2.794666e-01	2.842492e-01	1.957807e-04
78	2.857564e-01	2.842685e-01	1.942181e-04
79	2.857128e-01	2.842868e-01	1.926134e-04
80	2.865299e-01	2.843149e-01	1.922461e-04
81	2.843735e-01	2.843156e-01	1.898593e-04
82	2.847371e-01	2.843207e-01	1.876001e-04
83	2.847274e-01	2.843256e-01	1.853908e-04
84	2.819115e-01	2.842969e-01	1.854114e-04
85	2.797688e-01	2.842436e-01	1.908043e-04
86	2.841656e-01	2.842427e-01	1.885748e-04
87	2.855188e-01	2.842574e-01	1.869709e-04
88	2.819334e-01	2.842310e-01	1.867111e-04
89	2.858215e-01	2.842488e-01	1.854643e-04
90	2.851241e-01	2.842586e-01	1.836497e-04
91	2.821662e-01	2.842356e-01	1.830699e-04
92	2.838254e-01	2.842311e-01	1.811240e-04
93	2.845212e-01	2.842342e-01	1.791930e-04
94	2.850155e-01	2.842425e-01	1.774712e-04
95	2.865766e-01	2.842671e-01	1.773037e-04
96	2.858114e-01	2.842832e-01	1.761830e-04
97	2.858551e-01	2.842994e-01	1.751086e-04
98	2.805592e-01	2.842612e-01	1.774651e-04
99	2.859290e-01	2.842781e-01	1.764693e-04
100	2.856924e-01	2.842922e-01	1.752673e-04
1	2.510872e-01	2.510872e-01	0.000000e+00
2	2.525399e-01	2.518135e-01	7.263557e-04
3	2.542430e-01	2.526233e-01	9.119581e-04
4	2.513512e-01	2.523053e-01	7.190168e-04
5	2.510808e-01	2.520604e-01	6.084118e-04
6	2.517765e-01	2.520131e-01	4.990140e-04
7	2.525914e-01	2.520957e-01	4.297584e-04
8	2.510507e-01	2.519651e-01	3.944382e-04
9	2.505192e-01	2.518044e-01	3.831653e-04
10	2.509460e-01	2.517186e-01	3.533015e-04
11	2.513419e-01	2.516843e-01	3.214023e-04
12	2.504134e-01	2.515784e-01	3.119301e-04
13	2.485825e-01	2.513480e-01	3.680231e-04
14	2.526295e-01	2.514395e-01	3.528048e-04
15	2.506740e-01	2.513885e-01	3.323845e-04
16	2.519742e-01	2.514251e-01	3.130648e-04
17	2.506298e-01	2.513783e-01	2.977707e-04
18	2.527463e-01	2.514543e-01	2.908467e-04
19	2.509235e-01	2.514264e-01	2.765281e-04
20	2.509890e-01	2.514045e-01	2.632473e-04
21	2.518579e-01	2.514261e-01	2.513272e-04
22	2.509230e-01	2.514032e-01	2.407196e-04
23	2.517267e-01	2.514173e-01	2.304451e-04
24	2.524950e-01	2.514622e-01	2.251576e-04
25	2.508944e-01	2.514395e-01	2.171546e-04
26	2.508269e-01	2.514159e-01	2.099613e-04
27	2.523396e-01	2.514501e-01	2.049110e-04
28	2.521027e-01	2.514734e-01	1.988279e-04
29	2.509795e-01	2.514564e-01	1.926038e-04
30	2.501051e-01	2.514114e-01	1.914477e-04
31	2.512116e-01	2.514049e-01	1.852811e-04
32	2.486733e-01	2.513196e-01	1.986713e-04
33	2.500695e-01	2.512817e-01	1.962477e-04
34	2.515739e-01	2.512903e-01	1.905822e-04
35	2.491103e-01	2.512280e-01	1.952577e-04
36	2.541884e-01	2.513102e-01	2.068083e-04
37	2.514960e-01	2.513152e-01	2.012040e-04
38	2.530475e-01	2.513608e-01	2.010732e-04
39	2.488775e-01	2.512971e-01	2.059407e-04
40	2.532971e-01	2.513471e-01	2.068594e-04
41	2.515392e-01	2.513518e-01	2.018053e-04
42	2.499064e-01	2.513174e-01	1.999262e-04
43	2.521792e-01	2.513375e-01	1.962475e-04
44	2.513318e-01	2.513373e-01	1.917355e-04
45	2.518066e-01	2.513478e-01	1.877162e-04
46	2.496529e-01	2.513109e-01	1.872507e-04
47	2.515101e-01	2.513152e-01	1.832724e-04
48	2.502853e-01	2.512937e-01	1.806918e-04
49	2.508356e-01	2.512843e-01	1.772125e-04
50	2.508729e-01	2.512761e-01	1.738270e-04
51	2.488277e-01	2.512281e-01	1.770188e-04
52	2.488976e-01	2.511833e-01	1.792739e-04
53	2.530190e-01	2.512179e-01	1.792373e-04
54	2.518564e-01	2.512298e-01	1.762837e-04
55	2.495134e-01	2.511985e-01	1.758401e-04
56	2.509195e-01	2.511936e-01	1.727435e-04
57	2.520031e-01	2.512078e-01	1.702791e-04
58	2.502288e-01	2.511909e-01	1.681666e-04
59	2.506817e-01	2.511823e-01	1.655169e-04
60	2.512990e-01	2.511842e-01	1.627465e-04
61	2.519633e-01	2.511970e-01	1.605651e-04
62	2.508803e-01	2.511919e-01	1.580366e-04
63	2.521837e-01	2.512076e-01	1.563028e-04
64	2.497796e-01	2.511853e-01	1.554510e-04
65	2.525591e-01	2.512064e-01	1.544932e-04
66	2.510101e-01	2.512035e-01	1.521635e-04
67	2.492316e-01	2.511740e-01	1.527375e-04
68	2.490174e-01	2.511423e-01	1.537804e-04
69	2.500495e-01	2.511265e-01	1.523606e-04
70	2.511055e-01	2.511262e-01	1.501686e-04
71	2.510356e-01	2.511249e-01	1.480439e-04
72	2.515048e-01	2.511302e-01	1.460686e-04
73	2.513771e-01	2.511336e-01	1.440934e-04
74	2.484791e-01	2.510977e-01	1.465894e-04
75	2.512198e-01	2.510993e-01	1.446308e-04
76	2.517585e-01	2.511080e-01	1.429784e-04
77	2.495987e-01	2.510884e-01	1.424642e-04
78	2.517508e-01	2.510969e-01	1.408821e-04
79	2.503575e-01	2.510875e-01	1.394019e-04
80	2.507953e-01	2.510839e-01	1.376968e-04
81	2.507558e-01	2.510798e-01	1.360465e-04
82	2.532261e-01	2.511060e-01	1.369024e-04
83	2.517956e-01	2.511143e-01	1.354979e-04
84	2.503584e-01	2.511053e-01	1.341772e-04
85	2.512955e-01	2.511075e-01	1.326082e-04
86	2.491078e-01	2.510843e-01	1.331040e-04
87	2.510315e-01	2.510837e-01	1.315666e-04
88	2.494888e-01	2.510656e-01	1.313196e-04
89	2.527986e-01	2.510850e-01	1.312878e-04
90	2.505705e-01	2.510793e-01	1.299466e-04
91	2.506224e-01	2.510743e-01	1.286088e-04
92	2.520797e-01	2.510852e-01	1.276717e-04
93	2.522579e-01	2.510978e-01	1.269194e-04
94	2.496647e-01	2.510826e-01	1.264842e-04
95	2.523551e-01	2.510960e-01	1.258606e-04
96	2.510996e-01	2.510960e-01	1.245426e-04
97	2.530192e-01	2.511158e-01	1.248364e-04
98	2.500512e-01	2.511050e-01	1.240327e-04
99	2.513598e-01	2.511076e-01	1.228004e-04
100	2.493641e-01	2.510901e-01	1.228100e-04
1	2.230512e-01	2.230512e-01	0.000000e+00
2	2.226752e-01	2.228632e-01	1.880084e-04
3	2.229581e-01	2.228948e-01	1.130609e-04
4	2.211687e-01	2.224633e-01	4.388784e-04
5	2.224002e-01	2.224507e-01	3.401875e-04
6	2.245370e-01	2.227984e-01	4.450426e-04
7	2.223843e-01	2.227392e-01	3.807535e-04
8	2.221182e-01	2.226616e-01	3.387560e-04
9	2.214918e-01	2.225316e-01	3.258055e-04
10	2.212228e-01	2.224008e-01	3.194528e-04
11	2.223377e-01	2.223950e-01	2.890128e-04
12	2.241544e-01	2.225416e-01	3.018325e-04
13	2.228252e-01	2.225635e-01	2.785012e-04
14	2.200938e-01	2.223870e-01	3.124107e-04
15	2.233822e-01	2.224534e-01	2.983102e-04
16	2.231023e-01	2.224940e-01	2.819759e-04
17	2.217702e-01	2.224514e-01	2.682704e-04
18	2.214363e-01	2.223950e-01	2.591377e-04
19	2.216174e-01	2.223541e-01	2.485124e-04
20	2.223324e-01	2.223530e-01	2.357620e-04
21	2.220931e-01	2.223406e-01	2.245956e-04
22	2.203861e-01	2.222518e-01	2.318408e-04
23	2.220507e-01	2.222430e-01	2.217039e-04
24	2.231152e-01	2.222794e-01	2.153538e-04
25	2.238890e-01	2.223438e-01	2.163625e-04
26	2.218469e-01	2.223246e-01	2.087510e-04
27	2.215990e-01	2.222978e-01	2.026609e-04
28	2.198164e-01	2.222091e-01	2.144554e-04
29	2.221226e-01	2.222062e-01	2.069498e-04
30	2.226482e-01	2.222209e-01	2.004748e-04
31	2.227949e-01	2.222394e-01	1.947820e-04
32	2.219228e-01	2.222295e-01	1.888561e-04
33	2.233859e-01	2.222646e-01	1.863677e-04
34	2.229922e-01	2.222860e-01	1.820655e-04
35	2.206704e-01	2.222398e-01	1.827134e-04
36	2.221504e-01	2.222373e-01	1.775829e-04
37	2.211300e-01	2.222074e-01	1.752903e-04
38	2.206376e-01	2.221661e-01	1.755448e-04
39	2.234553e-01	2.221991e-01	1.741507e-04
40	2.230380e-01	2.222201e-01	1.710317e-04
41	2.248124e-01	2.222833e-01	1.783889e-04
42	2.233038e-01	2.223076e-01	1.757768e-04
43	2.225747e-01	2.223138e-01	1.717527e-04
44	2.212952e-01	2.222907e-01	1.693932e-04
45	2.222614e-01	2.222900e-01	1.655874e-04
46	2.215346e-01	2.222736e-01	1.627782e-04
47	2.211134e-01	2.222489e-01	1.611789e-04
48	2.236368e-01	2.222779e-01	1.604127e-04
49	2.222375e-01	2.222770e-01	1.571070e-04
50	2.214451e-01	2.222604e-01	1.548295e-04
51	2.238452e-01	2.222915e-01	1.549119e-04
52	2.235025e-01	2.223148e-01	1.536784e-04
53	2.213653e-01	2.222968e-01	1.518117e-04
54	2.238720e-01	2.223260e-01	1.518026e-04
55	2.228824e-01	2.223361e-01	1.493600e-04
56	2.214363e-01	2.223201e-01	1.475461e-04
57	2.241623e-01	2.223524e-01	1.484946e-04
58	2.220192e-01	2.223466e-01	1.460249e-04
59	2.214236e-01	2.223310e-01	1.443787e-04
60	2.233848e-01	2.223485e-01	1.430345e-04
61	2.231062e-01	2.223610e-01	1.412174e-04
62	2.214505e-01	2.223463e-01	1.396950e-04
63	2.224702e-01	2.223483e-01	1.374738e-04
64	2.230815e-01	2.223597e-01	1.357930e-04
65	2.202399e-01	2.223271e-01	1.376079e-04
66	2.231215e-01	2.223391e-01	1.360404e-04
67	2.234421e-01	2.223556e-01	1.350020e-04
68	2.248389e-01	2.223921e-01	1.379244e-04
69	2.226417e-01	2.223957e-01	1.359589e-04
70	2.218087e-01	2.223873e-01	1.342647e-04
71	2.226831e-01	2.223915e-01	1.324257e-04
72	2.218304e-01	2.223837e-01	1.308058e-04
73	2.203009e-01	2.223552e-01	1.321189e-04
74	2.241883e-01	2.223800e-01	1.326549e-04
75	2.207893e-01	2.223588e-01	1.325816e-04
76	2.230570e-01	2.223679e-01	1.311477e-04
77	2.237965e-01	2.223865e-01	1.307562e-04
78	2.230266e-01	2.223947e-01	1.293295e-04
79	2.222135e-01	2.223924e-01	1.277025e-04
80	2.233609e-01	2.224045e-01	1.266760e-04
81	2.193201e-01	2.223664e-01	1.307694e-04
82	2.215626e-01	2.223566e-01	1.295363e-04
83	2.225612e-01	2.223591e-01	1.279898e-04
84	2.240217e-01	2.223789e-01	1.279966e-04
85	2.229425e-01	2.223855e-01	1.266555e-04
86	2.242556e-01	2.224073e-01	1.270488e-04
87	2.240749e-01	2.224264e-01	1.270345e-04
88	2.222515e-01	2.224244e-01	1.255983e-04
89	2.228107e-01	2.224288e-01	1.242549e-04
90	2.230699e-01	2.224359e-01	1.230728e-04
91	2.212032e-01	2.224224e-01	1.224643e-04
92	2.211169e-01	2.224082e-01	1.219542e-04
93	2.228777e-01	2.224132e-01	1.207414e-04
94	2.217210e-01	2.224059e-01	1.196767e-04
95	2.203674e-01	2.223844e-01	1.203388e-04
96	2.239812e-01	2.224010e-01	1.202348e-04
97	2.252114e-01	2.224300e-01	1.224654e-04
98	2.219260e-01	2.224249e-01	1.213183e-04
99	2.225960e-01	2.224266e-01	1.200991e-04
100	2.230748e-01	2.224331e-01	1.190686e-04
1	1.978535e-01	1.978535e-01	0.000000e+00
2	1.983494e-01	1.981014e-01	2.479738e-04
3	1.972073e-01	1.978034e-01	3.306375e-04
4	1.966533e-01	1.975159e-01	3.705829e-04
5	1.981356e-01	1.976398e-01	3.126661e-04
6	1.979100e-01	1.976848e-01	2.592314e-04
7	1.983483e-01	1.977796e-01	2.387132e-04
8	1.971200e-01	1.976972e-01	2.225701e-04
9	1.970434e-01	1.976245e-01	2.092983e-04
10	1.982201e-01	1.976841e-01	1.964474e-04
11	1.961452e-01	1.975442e-01	2.261541e-04
12	1.977265e-01	1.975594e-01	2.070078e-04
13	1.980519e-01	1.975973e-01	1.941521e-04
14	1.995612e-01	1.977375e-01	2.280123e-04
15	1.959712e-01	1.976198e-01	2.427425e-04
16	1.985887e-01	1.976803e-01	2.350004e-04
17	1.979075e-01	1.976937e-01	2.211483e-04
18	1.980912e-01	1.977158e-01	2.096667e-04
19	1.964243e-01	1.976478e-01	2.096491e-04
20	1.979298e-01	1.976619e-01	1.993898e-04
21	1.983654e-01	1.976954e-01	1.925929e-04
22	1.978509e-01	1.977025e-01	1.837661e-04
23	1.973076e-01	1.976853e-01	1.764319e-04
24	2.000168e-01	1.977825e-01	1.948622e-04
25	1.985631e-01	1.978137e-01	1.894955e-04
26	1.975480e-01	1.978035e-01	1.823478e-04
27	1.981947e-01	1.978180e-01	1.760617e-04
28	1.972182e-01	1.977965e-01	1.710039e-04
29	1.970655e-01	1.977713e-01	1.669165e-04
30	1.971279e-01	1.977499e-01	1.626767e-04
31	1.986464e-01	1.977788e-01	1.599771e-04
32	1.997651e-01	1.978409e-01	1.668708e-04
33	1.982749e-01	1.978540e-01	1.622689e-04
34	1.970881e-01	1.978315e-01	1.590276e-04
35	1.972082e-01	1.978137e-01	1.554406e-04
36	1.987261e-01	1.978390e-01	1.531723e-04
37	1.970611e-01	1.978180e-01	1.504514e-04
38	1.965253e-01	1.977840e-01	1.503383e-04
39	1.979205e-01	1.977875e-01	1.464746e-04
40	1.979463e-01	1.977915e-01	1.428210e-04
41	1.985713e-01	1.978105e-01	1.405867e-04
42	1.969737e-01	1.977906e-01	1.386376e-04
43	1.972369e-01	1.977777e-01	1.359860e-04
44	1.964573e-01	1.977477e-01	1.362065e-04
45	1.974671e-01	1.977414e-01	1.332912e-04
46	1.977120e-01	1.977408e-01	1.303629e-04
47	1.971435e-01	1.977281e-01	1.281907e-04
48	1.984812e-01	1.977438e-01	1.264687e-04
49	1.983494e-01	1.977561e-01	1.244759e-04
50	1.974915e-01	1.977508e-01	1.220758e-04
51	1.978211e-01	1.977522e-01	1.196661e-04
52	1.974065e-01	1.977456e-01	1.175305e-04
53	1.993022e-01	1.977749e-01	1.189739e-04
54	1.960325e-01	1.977427e-01	1.211267e-04
55	1.971375e-01	1.977317e-01	1.194120e-04
56	1.961865e-01	1.977041e-01	1.204627e-04
57	1.965548e-01	1.976839e-01	1.200360e-04
58	1.959950e-01	1.976548e-01	1.214894e-04
59	1.969747e-01	1.976433e-01	1.199675e-04
60	1.978458e-01	1.976466e-01	1.179994e-04
61	1.961396e-01	1.976219e-01	1.186497e-04
62	1.966216e-01	1.976058e-01	1.178302e-04
63	1.969658e-01	1.975956e-01	1.163889e-04
64	1.968027e-01	1.975833e-01	1.152239e-04
65	1.992406e-01	1.976088e-01	1.162677e-04
66	1.974784e-01	1.976068e-01	1.145096e-04
67	1.968340e-01	1.975952e-01	1.133757e-04
68	1.981111e-01	1.976028e-01	1.119532e-04
69	1.978860e-01	1.976069e-01	1.103951e-04
70	1.962564e-01	1.975876e-01	1.105039e-04
71	1.981250e-01	1.975952e-01	1.091990e-04
72	1.982502e-01	1.976043e-01	1.080553e-04
73	1.981922e-01	1.976124e-01	1.068687e-04
74	1.987617e-01	1.976279e-01	1.065526e-04
75	1.967290e-01	1.976159e-01	1.058034e-04
76	1.963965e-01	1.975999e-01	1.056278e-04
77	1.978440e-01	1.976030e-01	1.042952e-04
78	1.968032e-01	1.975928e-01	1.034589e-04
79	1.969294e-01	1.975844e-01	1.024855e-04
80	1.966708e-01	1.975730e-01	1.018386e-04
81	1.963761e-01	1.975582e-01	1.016531e-04
82	1.962308e-01	1.975420e-01	1.017023e-04
83	1.969753e-01	1.975352e-01	1.007013e-04
84	1.960078e-01	1.975170e-01	1.011431e-04
85	1.984747e-01	1.975283e-01	1.005792e-04
86	1.973224e-01	1.975259e-01	9.943159e-05
87	1.971762e-01	1.975218e-01	9.836419e-05
88	1.973383e-01	1.975198e-01	9.726235e-05
89	1.977303e-01	1.975221e-01	9.619240e-05
90	1.983785e-01	1.975316e-01	9.559233e-05
91	1.974464e-01	1.975307e-01	9.454067e-05
92	1.978929e-01	1.975346e-01	9.359023e-05
93	1.969618e-01	1.975285e-01	9.278310e-05
94	1.960090e-01	1.975123e-01	9.320318e-05
95	1.974002e-01	1.975111e-01	9.222443e-05
96	1.972787e-01	1.975087e-01	9.129081e-05
97	1.966475e-01	1.974998e-01	9.077995e-05
98	1.990692e-01	1.975158e-01	9.126485e-05
99	1.973761e-01	1.975144e-01	9.034931e-05
100	1.987241e-01	1.975265e-01	9.025555e-05
