1	1.422118e+00	1.422118e+00	0.000000e+00
2	1.422094e+00	1.422106e+00	8.585293e-06
3	1.422141e+00	1.422118e+00	1.113342e-05
4	1.422101e+00	1.422114e+00	9.099169e-06
5	1.422068e+00	1.422105e+00	1.087089e-05
6	1.422049e+00	1.422095e+00	1.242903e-05
7	1.422101e+00	1.422096e+00	1.068322e-05
8	1.422110e+00	1.422098e+00	9.491586e-06
9	1.422099e+00	1.422098e+00	8.437298e-06
10	1.422127e+00	1.422101e+00	8.069262e-06
11	1.422173e+00	1.422107e+00	9.623988e-06
12	1.422103e+00	1.422107e+00	8.827572e-06
13	1.422129e+00	1.422109e+00	8.312150e-06
14	1.422109e+00	1.422109e+00	7.718438e-06
15	1.422101e+00	1.422108e+00	7.221792e-06
16	1.422133e+00	1.422110e+00	6.928511e-06
17	1.422109e+00	1.422110e+00	6.521305e-06
18	1.422060e+00	1.422107e+00	6.715359e-06
19	1.421977e+00	1.422100e+00	9.200585e-06
20	1.422131e+00	1.422102e+00	8.871401e-06
21	1.422078e+00	1.422100e+00	8.521395e-06
22	1.422079e+00	1.422100e+00	8.189151e-06
23	1.422068e+00	1.422098e+00	7.943542e-06
24	1.422104e+00	1.422098e+00	7.615778e-06
25	1.422094e+00	1.422098e+00	7.312996e-06
26	1.422160e+00	1.422101e+00	7.404851e-06
27	1.422059e+00	1.422099e+00	7.287411e-06
28	1.422065e+00	1.422098e+00	7.127516e-06
29	1.422069e+00	1.422097e+00	6.950075e-06
30	1.422074e+00	1.422096e+00	6.759270e-06
           1-3.364775e+00-3.364775e+000.000000e+00
           2-3.364408e+00-3.364592e+001.300351e-04
           3-3.363583e+00-3.364255e+002.879565e-04
           4-3.365078e+00-3.364461e+002.799016e-04
           5-3.362138e+00-3.363996e+004.719717e-04
           6-3.360940e+00-3.363487e+006.090479e-04
           7-3.362901e+00-3.363403e+005.277526e-04
           8-3.363619e+00-3.363430e+004.624699e-04
           9-3.362281e+00-3.363303e+004.283374e-04
          10-3.363602e+00-3.363332e+003.865495e-04
          11-3.364256e+00-3.363416e+003.604182e-04
          12-3.362166e+00-3.363312e+003.451292e-04
          13-3.364119e+00-3.363374e+003.241096e-04
          14-3.365300e+00-3.363512e+003.288495e-04
          15-3.364795e+00-3.363597e+003.178658e-04
          16-3.365025e+00-3.363687e+003.102699e-04
          17-3.362676e+00-3.363627e+002.976609e-04
          18-3.361125e+00-3.363488e+003.119068e-04
          19-3.362951e+00-3.363460e+002.967703e-04
          20-3.362522e+00-3.363413e+002.856121e-04
          21-3.363964e+00-3.363439e+002.732128e-04
          22-3.363327e+00-3.363434e+002.608413e-04
          23-3.364018e+00-3.363459e+002.507343e-04
          24-3.364109e+00-3.363487e+002.417410e-04
          25-3.364454e+00-3.363525e+002.351504e-04
          26-3.362825e+00-3.363498e+002.276450e-04
          27-3.363839e+00-3.363511e+002.195630e-04
          28-3.362444e+00-3.363473e+002.150050e-04
          29-3.362394e+00-3.363436e+002.107848e-04
          30-3.362924e+00-3.363419e+002.044477e-04
          31-3.362861e+00-3.363401e+001.986412e-04
          32-3.363512e+00-3.363404e+001.924640e-04
          33-3.361195e+00-3.363337e+001.979357e-04
          34-3.364385e+00-3.363368e+001.944988e-04
          35-3.364091e+00-3.363389e+001.900343e-04
          36-3.363957e+00-3.363404e+001.854097e-04
          37-3.362577e+00-3.363382e+001.817433e-04
          38-3.363188e+00-3.363377e+001.770325e-04
          39-3.364916e+00-3.363416e+001.768364e-04
          40-3.364418e+00-3.363441e+001.741801e-04
          41-3.363739e+00-3.363449e+001.700836e-04
          42-3.362570e+00-3.363428e+001.673164e-04
          43-3.362867e+00-3.363415e+001.639327e-04
          44-3.363396e+00-3.363414e+001.602075e-04
          45-3.362837e+00-3.363401e+001.571599e-04
          46-3.365035e+00-3.363437e+001.577070e-04
          47-3.363471e+00-3.363438e+001.543532e-04
          48-3.363158e+00-3.363432e+001.512473e-04
          49-3.364931e+00-3.363462e+001.512218e-04
          50-3.361204e+00-3.363417e+001.547955e-04
           1-6.583815e+00-6.583815e+000.000000e+00
