1	34458.1
2	30686.3
3	26754.2
4	24219.9
5	22202.4
6	20401.3
7	19032.1
8	17836.1
9	16677.6
10	15858.1
11	14691.9
12	14272.3
13	13512.5
14	12875.8
15	12241.7
16	12499.4
17	12355.3
18	11992.6
19	11286.3
20	10914.5
21	10668.1
22	10288.2
23	10089.5
24	9800.09
25	9691.32
26	9719.63
27	9532.07
28	9550.21
29	9452.34
30	9164.63
31	8861.8
32	8896.35
33	8696.46
34	8628.56
35	8310.46
36	8407.63
37	8113.76
38	8069.49
39	8136.94
40	8155.47
41	8182.86
42	8095.49
43	7760.42
44	7675.85
45	7402.18
46	7250.12
47	7300.74
48	7377.14
49	7512.04
50	7313.92
51	7567.59
52	7462.51
53	7515.86
54	7476.22
55	7516.35
56	7317.37
57	7672.1
58	7268.33
59	7289.07
60	7196.34
61	7156.13
62	7224.94
63	7052.32
64	7144.89
65	7033.83
66	6890.27
67	6893.91
68	6631.74
69	6711.95
70	6638.4
71	6495.78
72	6526.63
73	6738.11
74	6843.49
75	6472.05
76	6446.16
77	6620.23
78	6796.3
79	6841.54
80	6964.89
81	6927.27
82	7025.77
83	6766.85
84	6594.86
85	6703.56
86	6533.14
87	6725.59
88	6634.18
89	6977.18
90	6743.8
91	6698.95
92	6413.84
93	6149.69
94	5949.34
95	5852.56
96	6150.2
97	5956.05
98	6151.54
99	6276.27
100	6003.3
101	5926.09
102	5719.74
103	5916.24
104	6170.79
105	6460.04
106	6484.57
107	6496.12
108	6492.37
109	6333.6
110	6180.14
111	6405.15
112	6323.21
113	6250.25
114	5986.11
115	6077.48
116	6011.59
117	6133.44
118	6033.38
119	6075.44
120	6079.19
121	6299.38
122	6394.09
123	6319.67
124	6301.48
125	6114.65
126	6079.57
127	6308.35
128	6328.71
129	6207.71
130	6215.45
131	6119.66
132	6288.07
133	6219.49
134	6108.22
135	6124.6
136	6275.57
137	6178.14
138	6200.1
139	6059.07
140	6067.06
141	6116.52
142	6192.87
143	5882.87
144	5775.63
145	5931.08
146	5739.57
147	5804.32
148	5927.26
149	6020.42
150	6088.79
151	5979.04
152	6228.91
153	6324.7
154	6204.8
155	6113.84
156	6137.23
157	6010.73
158	6274.85
159	6161.78
160	6233.52
161	6258.71
162	6400
163	6304.36
164	6253.63
165	6137.84
166	6227.96
167	6100.59
168	6259.3
169	6110.16
170	6141.06
171	6094.71
172	6097.57
173	6236.92
174	6162.16
175	6162.75
176	6158.7
177	6099.04
178	6034.45
179	6022.7
180	6163.43
181	6145.9
182	6175.61
183	6346.36
184	6144.52
185	6190.65
186	6338.18
187	6271.45
188	6159.15
189	6219.65
190	5889.29
191	6023.95
192	5825.06
193	5852.21
194	6125.52
195	6224.66
196	6233.34
197	5983.37
198	6155.32
199	6247.34
200	6294.05
201	6537.48
202	6460.43
203	6169.8
204	6152.1
205	6289.33
206	6176.09
207	6112.49
208	6018.75
209	6108.1
210	6085.32
211	6178.92
212	6404.66
213	6264.65
214	6507.06
215	6319.72
216	6149.84
217	6223.93
218	6259.24
219	6443.14
220	6123.1
221	6110.07
222	6138.36
223	6070.13
224	6217.44
225	6059.46
226	6148.68
227	5992.91
228	5983.61
229	6201.34
230	6111
231	6218.4
232	5848.91
233	5881.65
234	6059.78
235	6233.79
236	6167.43
237	6006.87
238	5969.56
239	6067.39
240	5862.59
241	6100.55
242	6292.54
243	6052.8
244	5936
245	6113.45
246	6072.17
247	6041.18
248	6129.93
249	6104.36
250	6167.35
251	6129.13
252	6081.21
253	6050.55
254	6108.24
255	6030.98
256	6028.91
257	5854.15
258	5964.21
259	6150.68
260	6072.1
261	5884.64
262	5868.52
263	6183.58
264	6165.15
265	6265.72
266	6406.55
267	6059.76
268	6260.33
269	6400.94
270	6516.41
271	6356.73
272	6533.28
273	6385.73
274	6277.84
275	6187.88
276	6028.58
277	6127.14
278	6178.72
279	6012.21
280	6002.78
281	6119.31
282	6059.1
283	6162.4
284	6333.1
285	6069.64
286	6204.04
287	6093.42
288	6341.73
289	6554.17
290	6243.37
291	6322.08
292	6169.84
293	6277.53
294	5985
295	6126.45
296	6252.74
297	6101.38
298	5989.16
299	6112.77
300	6261.61
301	6120.46
302	5935.65
303	6215.45
304	6218.96
305	6483.65
306	6269.59
307	6307.88
308	6101.8
309	6083.72
310	5924.21
311	5962.38
312	6130.76
313	5970.19
314	5972.59
315	6162.57
316	6126.47
317	6144.35
318	6271.51
319	6326.52
320	6317.41
321	6468.79
322	6681.68
323	6600.36
324	6442.05
325	6310.7
326	6298.6
327	6372.29
328	5977.73
329	6298.34
330	5946.03
331	6046.34
332	6144.34
333	5975.93
334	5847.34
335	5799.93
336	6064.23
337	6105.75
338	5994.27
339	6162.09
340	6061.03
341	6042.2
342	6032.91
343	6005.1
344	6062.42
345	6168.26
346	6144.15
347	6128.28
348	6374.05
349	6118.47
350	6186.96
351	6321.01
352	6052.88
353	6049.05
354	6179.92
355	6031.8
356	5755
357	5984.05
358	6188.63
359	6366.07
360	6456.55
361	6114.18
362	5990.07
363	6082.79
364	6012.14
365	6068.28
366	6192.4
367	6305.72
368	6234.02
369	6159.07
370	6281.39
371	6105.5
372	6250.73
373	6207.34
374	6218.03
375	6063.68
376	6037
377	6186.97
378	6213.25
379	6136.38
380	6094.27
381	6126.53
382	6152.33
383	6089.94
384	6151.76
385	6417.18
386	6130.52
387	6256.41
388	6297.27
389	6139.97
390	5950.35
391	6081.73
392	6089.07
393	6017.94
394	6061.6
395	6098.73
396	6201.14
397	6048.32
398	6134.07
399	6009.21
400	6147.54
401	6045.52
402	5920.84
403	5974
404	6010.85
405	6432.59
406	6213.49
407	6322.93
408	6438.49
409	6482.74
410	5893.69
411	6064.89
412	6116.27
413	6095.49
414	6037.79
415	6063.57
416	6333.73
417	6413.48
418	6288.84
419	6172.08
420	6077.38
421	6150.47
422	5995.92
423	5940.26
424	6090.16
425	6181.1
426	6250.16
427	6318.88
428	6392.15
429	6255.55
430	6482.64
431	6307.25
432	6354.74
433	6216.28
434	6075.46
435	6134.31
436	6250.56
437	6094.52
438	6056.69
439	6178.74
440	5915.96
441	6068.64
442	5910.12
443	6088.22
444	6277.87
445	6130.91
446	6190.82
447	6049.99
448	5985.71
449	5845.27
450	6043.33
451	5981.67
452	6041.92
453	6315.2
454	6166.73
455	6411.13
456	6681.15
457	6718.05
458	6409.98
459	6363.79
460	6161.89
461	6098.68
462	6194.37
463	6119.85
464	6021.4
465	6202.85
466	6363.59
467	6317.76
468	6293.77
469	6343.87
470	6461.18
471	6276.02
472	6159.2
473	6106.82
474	6345.64
475	6448.92
476	6185.11
477	6106.42
478	6020.63
479	6121.3
480	6219.88
481	6053.71
482	6110.23
483	6390.41
484	6398.47
485	6335.58
486	6491.83
487	6257.34
488	6108.35
489	6392.27
490	6345.57
491	6255.22
492	6240.04
493	6073.86
494	6136.71
495	6151.65
496	6298.41
497	6331.56
498	6327.25
499	6333.66
500	6333.48
