0
30434
6374.74
5701.2
4454.55
3544.57
2895.95
2432.32
2079.29
1807.67
1589.14
1413.14
1268.3
1147.88
1046.13
959.357
883.434
817.703
760.089
709.169
663.577
622.766
586.143
553.18
523.326
496.246
471.404
448.656
427.794
408.444
390.496
373.91
358.553
344.3
331.019
318.596
306.971
296.059
285.767
276.064
266.939
258.314
250.17
242.46
235.138
228.201
221.616
215.357
209.403
203.74
198.334
193.181
188.263
183.566
179.051
174.73
170.578
166.599
162.78
159.115
155.592
152.2
148.935
145.791
142.752
139.826
136.987
134.248
131.605
129.054
126.589
124.207
121.901
119.67
117.51
115.419
113.394
111.432
109.528
107.682
105.892
104.155
102.468
100.831
99.2402
97.6944
96.1906
94.7275
93.3043
91.9188
90.5691
89.2549
87.9749
86.7278
85.5086
84.3201
83.1613
82.031
80.9285
79.8526
78.8024
77.7771
76.774
75.7942
74.8369
73.9015
72.987
72.0929
71.2183
70.363
69.5262
68.7074
67.9062
67.1218
66.3539
65.602
64.8655
64.1441
63.4372
62.7445
62.0656
61.4001
60.7476
60.1076
59.4799
58.8639
58.2596
57.6666
57.0846
56.5134
55.9526
55.402
54.8613
54.3303
53.8087
53.2963
52.7929
52.2981
51.8119
51.334
50.8641
50.4022
49.948
49.5013
49.062
48.6299
48.2048
47.7865
47.3749
46.9698
46.5712
46.1787
45.7924
45.4121
45.0376
44.6688
44.3056
43.9479
43.5955
43.2483
42.9062
42.5692
42.2371
41.9098
41.5872
41.2692
40.9557
40.6466
40.3419
40.0414
39.7451
39.4528
39.1646
38.8802
38.5997
38.323
38.05
37.7806
37.5147
37.2524
36.9935
36.7379
36.4856
36.2365
35.9907
35.7479
35.5082
35.2715
35.0378
34.807
34.579
34.3538
34.1313
33.9115
33.6944
33.4799
33.268
33.0586
32.8516
32.6471
32.4449
32.2452
32.0477
31.8525
31.6595
31.4687
31.2801
31.0936
30.9092
30.7269
30.5466
30.3682
30.1919
30.0174
29.8449
29.6742
29.5054
29.3384
29.1731
29.0097
28.8479
28.6878
28.5295
28.3727
28.2176
28.0641
27.9122
27.7619
27.613
27.4657
27.3198
27.1755
27.0325
26.891
26.7509
26.6122
26.4748
26.3388
26.2041
26.0707
25.9386
25.8078
25.6782
25.5498
25.4227
25.2967
25.172
25.0484
24.926
24.8047
24.6845
24.5654
24.4474
24.3305
24.2147
24.0999
23.9861
23.8734
23.7617
23.6509
23.5412
23.4324
23.3246
23.2177
23.1118
23.0067
22.9026
22.7994
22.6971
22.5956
22.495
22.3953
22.2964
22.1983
22.1011
22.0046
21.909
21.8142
21.7201
21.6268
21.5343
21.4426
21.3516
21.2613
21.1718
21.0829
20.9948
20.9074
20.8207
20.7347
20.6494
20.5647
20.4807
20.3973
20.3146
20.2326
20.1512
20.0704
19.9902
19.9106
19.8317
19.7533
19.6756
19.5984
19.5218
19.4458
19.3703
19.2954
19.2211
19.1473
19.0741
19.0014
18.9292
18.8575
18.7864
18.7158
18.6457
18.5761
18.507
18.4384
18.3703
18.3026
18.2355
18.1688
18.1026
18.0368
17.9716
17.9067
17.8423
17.7784
17.7149
17.6518
17.5892
17.527
17.4652
17.4038
17.3428
17.2823
17.2221
17.1624
17.1031
17.0441
16.9856
16.9274
16.8696
16.8122
16.7552
16.6985
16.6422
16.5863
16.5308
16.4756
16.4207
16.3662
16.3121
16.2583
16.2049
16.1517
16.099
16.0465
15.9944
15.9426
15.8912
15.84
15.7892
15.7387
15.6885
15.6386
15.589
15.5397
15.4907
15.4421
15.3937
15.3456
15.2978
15.2503
15.2031
15.1561
15.1094
15.0631
15.0169
14.9711
14.9255
14.8802
14.8352
14.7904
14.7459
14.7017
14.6577
14.614
14.5705
14.5273
14.4843
14.4415
14.399
14.3568
14.3148
14.273
14.2315
14.1902
14.1491
14.1083
14.0676
14.0273
13.9871
13.9472
13.9075
13.868
13.8287
13.7896
13.7508
13.7121
13.6737
13.6355
13.5975
13.5597
13.5221
13.4847
13.4475
13.4105
13.3737
13.3371
13.3007
13.2645
13.2284
13.1926
13.157
13.1215
13.0862
13.0511
13.0162
12.9815
12.947
12.9126
12.8784
12.8444
12.8106
12.7769
12.7434
12.7101
12.6769
12.644
12.6111
12.5785
12.546
12.5137
12.4815
12.4495
12.4177
12.386
12.3545
12.3231
12.2918
12.2608
12.2298
12.199
12.1684
12.1379
12.1076
12.0774
12.0474
12.0175
11.9878
11.9582
11.9287
11.8994
11.8702
11.8412
11.8123
11.7835
11.7549
11.7264
11.698
11.6698
11.6417
11.6137
11.5859
11.5582
11.5306
11.5032
11.4759
11.4487
11.4216
11.3947
11.3679
11.3412
11.3146
11.2882
11.2619
11.2357
11.2096
11.1836
11.1578
11.132
11.1064
11.0809
11.0555
11.0302
11.0051
10.98
