0
29551.4
6190.69
5533.15
4304.67
3423.29
2801.29
2349
2008.68
1744.09
1533.26
1363.27
1223.46
1106.88
1008.14
923.664
850.707
787.308
731.751
682.69
639.004
599.957
564.867
533.15
504.435
478.323
454.443
432.59
412.519
393.984
376.842
360.947
346.177
332.418
319.602
307.616
296.396
285.868
275.968
266.644
257.862
249.573
241.739
234.324
227.297
220.63
214.305
208.289
202.565
197.114
191.915
186.951
182.208
177.674
173.333
169.181
165.199
161.38
157.714
154.193
150.812
147.559
144.43
141.417
138.51
135.71
133.004
130.392
127.871
125.434
123.078
120.8
118.597
116.463
114.398
112.397
110.458
108.576
106.752
104.98
103.261
101.591
99.9685
98.3926
96.8608
95.3711
93.9224
92.5131
91.1418
89.8068
88.5067
87.2404
86.0065
84.8038
83.6308
82.4866
81.3705
80.2814
79.2186
78.1813
77.1678
76.1781
75.2109
74.2652
73.3405
72.4365
71.5521
70.6873
69.8415
69.014
68.2042
67.4116
66.6357
65.8759
65.1319
64.4031
63.6892
62.9894
62.3037
61.6315
60.9726
60.3267
59.6932
59.072
58.4626
57.8647
57.2778
56.7019
56.1367
55.5818
55.0367
54.5011
53.9752
53.4583
52.9504
52.4512
51.9606
51.4784
51.0044
50.5385
50.0802
49.6297
49.1866
48.7509
48.3221
47.9003
47.4853
47.0769
46.675
46.2794
45.89
45.5067
45.1293
44.7577
44.3918
44.0315
43.6766
43.327
42.9825
42.643
42.3085
41.9789
41.654
41.3339
41.0183
40.707
40.4001
40.0976
39.7993
39.5051
39.2149
38.9288
38.6465
38.3681
38.0934
37.8223
37.5548
37.2908
37.0303
36.7732
36.5194
36.2689
36.0217
35.7775
35.5365
35.2985
35.0635
34.8315
34.6023
34.3759
34.1522
33.9313
33.713
33.4974
33.2844
33.0738
32.8657
32.66
32.4568
32.2559
32.0574
31.8612
31.6672
31.4755
31.286
31.0986
30.9133
30.7301
30.5489
30.3697
30.1925
30.0173
29.8439
29.6725
29.5029
29.3352
29.1692
29.005
28.8426
28.6818
28.5228
28.3654
28.2097
28.0555
27.903
27.7521
27.6027
27.4548
27.3084
27.1635
27.02
26.878
26.7374
26.5982
26.4603
26.3239
26.1887
26.0549
25.9223
25.7911
25.6611
25.5323
25.4048
25.2785
25.1533
25.0293
24.9065
24.7848
24.6642
24.5448
24.4264
24.3091
24.193
24.0778
23.9637
23.8507
23.7386
23.6276
23.5175
23.4084
23.3002
23.193
23.0867
22.9813
22.8769
22.7733
22.6707
22.5689
22.468
22.368
22.2688
22.1705
22.073
21.9763
21.8804
21.7853
21.691
21.5974
21.5047
21.4127
21.3215
21.231
21.1412
21.0522
20.9639
20.8763
20.7894
20.7031
20.6176
20.5327
20.4486
20.365
20.2822
20.1999
20.1183
20.0374
19.9571
19.8773
19.7982
19.7197
19.6418
19.5645
19.4878
19.4116
19.336
19.261
19.1865
19.1126
19.0393
18.9664
18.8942
18.8224
18.7512
18.6805
18.6102
18.5406
18.4714
18.4026
18.3344
18.2667
18.1994
18.1326
18.0663
18.0005
17.9351
17.8701
17.8057
17.7416
17.678
17.6149
17.5522
17.4899
17.428
17.3666
17.3056
17.2449
17.1847
17.1249
17.0655
17.0065
16.9479
16.8897
16.8318
16.7743
16.7172
16.6605
16.6042
16.5482
16.4926
16.4373
16.3824
16.3278
16.2736
16.2198
16.1663
16.1131
16.0603
16.0078
15.9556
15.9038
15.8523
15.8011
15.7502
15.6997
15.6494
15.5995
15.5499
15.5006
15.4515
15.4028
15.3544
15.3063
15.2585
15.2109
15.1637
15.1167
15.07
15.0236
14.9774
14.9316
14.886
14.8407
14.7956
14.7508
14.7063
14.662
14.618
14.5742
14.5307
14.4875
14.4445
14.4017
14.3592
14.3169
14.2748
14.233
14.1915
14.1501
14.109
14.0682
14.0275
13.9871
13.9469
13.907
13.8672
13.8277
13.7884
13.7493
13.7105
13.6718
13.6334
13.5951
13.5571
13.5193
13.4817
13.4443
13.4071
13.3701
13.3332
13.2966
13.2602
13.224
13.188
13.1521
13.1165
13.081
13.0457
13.0106
12.9757
12.941
12.9064
12.8721
12.8379
12.8039
12.77
12.7363
12.7028
12.6695
12.6363
12.6033
12.5705
12.5378
12.5053
12.473
12.4408
12.4088
12.3769
12.3452
12.3137
12.2823
12.2511
12.22
12.1891
12.1583
12.1277
12.0972
12.0669
12.0367
12.0067
11.9768
11.9471
11.9175
11.888
11.8587
11.8296
11.8005
11.7716
11.7429
11.7143
11.6858
11.6575
11.6292
11.6012
11.5732
11.5454
11.5177
11.4902
11.4628
11.4355
11.4083
11.3812
11.3543
11.3275
11.3009
11.2743
11.2479
11.2216
11.1954
11.1693
11.1434
11.1176
11.0918
11.0662
11.0408
11.0154
10.9901
10.965
10.94
10.9151
10.8903
