           1    0.811184    0.811184           0
           2    0.810264    0.810724 0.000325294
           3    0.806162    0.809203  0.00126045
           4    0.812391        0.81  0.00117049
           5    0.812054    0.810411  0.00100586
           6    0.808136    0.810032 0.000906891
           7    0.810574    0.810109 0.000780639
           8    0.802407    0.809147  0.00113032
           9    0.815697    0.809874  0.00121672
          10    0.809334     0.80982  0.00109625
          11    0.808513    0.809702  0.00100302
          12    0.812326     0.80992  0.00094297
          13    0.810852    0.809992 0.000873152
          14    0.807134    0.809788 0.000834302
          15    0.808253    0.809685 0.000784934
          16    0.812396    0.809855 0.000753937
          17    0.809619    0.809841 0.000709715
          18    0.809798    0.809839 0.000670291
          19    0.810736    0.809886 0.000636674
          20    0.808522    0.809818 0.000608479
          21     0.81322     0.80998 0.000600687
          22    0.810682    0.810012 0.000574231
          23    0.805388    0.809811 0.000583387
          24    0.813761    0.809975 0.000581837
          25    0.807134    0.809862 0.000569552
          26    0.813424    0.809999 0.000563888
          27    0.810969    0.810035 0.000544146
          28    0.811732    0.810095  0.00052808
          29    0.807532    0.810007 0.000517212
          30    0.810804    0.810033 0.000500655
          31    0.806798    0.809929 0.000495261
          32    0.810192    0.809937 0.000479852
          33    0.808562    0.809896 0.000467117
          34    0.808283    0.809848 0.000455778
          35     0.80449    0.809695 0.000467758
          36    0.811871    0.809756 0.000458654
          37    0.810769    0.809783 0.000447076
          38    0.812831    0.809863 0.000442446
          39    0.814314    0.809977  0.00044558
          40    0.809268     0.80996 0.000434793
          41    0.810308    0.809968 0.000424272
          42    0.806405    0.809883 0.000422566
          43    0.812263    0.809939 0.000416349
          44     0.80914     0.80992 0.000407282
          45    0.810249    0.809928 0.000398297
          46     0.80782    0.809882 0.000392266
          47    0.808427    0.809851 0.000385139
          48     0.81329    0.809923 0.000383721
          49    0.808323     0.80989 0.000377277
          50    0.814339    0.809979 0.000380078
