           1     1.21678     1.21678           0
           2      1.2154     1.21609 0.000487941
           3     1.20924     1.21381  0.00189068
           4     1.21859       1.215  0.00175574
           5     1.21808     1.21562  0.00150878
           6      1.2122     1.21505  0.00136034
           7     1.21586     1.21516  0.00117096
           8     1.20361     1.21372  0.00169548
           9     1.22355     1.21481  0.00182509
          10       1.214     1.21473  0.00164438
          11     1.21277     1.21455  0.00150452
          12     1.21849     1.21488  0.00141445
          13     1.21628     1.21499  0.00130973
          14      1.2107     1.21468  0.00125145
          15     1.21238     1.21453   0.0011774
          16     1.21859     1.21478  0.00113091
          17     1.21443     1.21476  0.00106457
          18      1.2147     1.21476  0.00100544
          19      1.2161     1.21483 0.000955011
          20     1.21278     1.21473 0.000912719
          21     1.21983     1.21497  0.00090103
          22     1.21602     1.21502 0.000861347
          23     1.20808     1.21472 0.000875081
          24     1.22064     1.21496 0.000872756
          25      1.2107     1.21479 0.000854328
          26     1.22014       1.215 0.000845831
          27     1.21645     1.21505  0.00081622
          28      1.2176     1.21514 0.000792121
          29      1.2113     1.21501 0.000775818
          30     1.21621     1.21505 0.000750982
          31      1.2102     1.21489 0.000742891
          32     1.21529     1.21491 0.000719778
          33     1.21284     1.21484 0.000700676
          34     1.21243     1.21477 0.000683668
          35     1.20674     1.21454 0.000701637
          36     1.21781     1.21463 0.000687981
          37     1.21615     1.21467 0.000670614
          38     1.21925     1.21479 0.000663669
          39     1.22147     1.21497  0.00066837
          40      1.2139     1.21494  0.00065219
          41     1.21546     1.21495 0.000636408
          42     1.20961     1.21482 0.000633849
          43      1.2184     1.21491 0.000624523
          44     1.21371     1.21488 0.000610923
          45     1.21537     1.21489 0.000597445
          46     1.21173     1.21482 0.000588398
          47     1.21264     1.21478 0.000577709
          48     1.21993     1.21488 0.000575582
          49     1.21248     1.21483 0.000565915
          50     1.22151     1.21497 0.000570117
