           1    -5.43333    -5.43333           0
           2     -5.4324    -5.43287  0.00032783
           3    -5.43238     -5.4327 0.000256107
           4    -5.43227     -5.4326   0.0002138
           5    -5.43261     -5.4326 0.000171054
           6     -5.4332     -5.4327 0.000169399
           7    -5.43266    -5.43269 0.000145302
           8    -5.43307    -5.43274 0.000134538
           9    -5.43319    -5.43279 0.000128712
          10     -5.4326    -5.43277 0.000117296
          11    -5.43289    -5.43278 0.000107107
          12    -5.43425     -5.4329 0.000152733
          13    -5.43305    -5.43292 0.000141415
          14     -5.4325    -5.43289 0.000134358
          15    -5.43256    -5.43286 0.000127099
          16    -5.43273    -5.43286 0.000119416
          17    -5.43318    -5.43288 0.000113919
          18    -5.43253    -5.43286 0.000109229
          19    -5.43303    -5.43287 0.000103881
          20    -5.43291    -5.43287 9.87136e-05
          21    -5.43271    -5.43286 9.43167e-05
          22    -5.43254    -5.43285 9.11161e-05
          23      -5.433    -5.43285 8.73955e-05
          24    -5.43266    -5.43284  8.4135e-05
          25    -5.43269    -5.43284  8.0987e-05
          26    -5.43256    -5.43283  7.8581e-05
          27    -5.43267    -5.43282 7.59007e-05
          28    -5.43257    -5.43281 7.37225e-05
          29     -5.4307    -5.43274 0.000100935
          30    -5.43313    -5.43275 9.84086e-05
          31    -5.43393    -5.43279   0.0001023
          32    -5.43283    -5.43279 9.91105e-05
          33    -5.43209    -5.43277 9.83568e-05
          34     -5.4319    -5.43275 9.87195e-05
          35    -5.43211    -5.43273 9.75633e-05
          36    -5.43244    -5.43272 9.51718e-05
          37    -5.43348    -5.43274 9.47874e-05
          38    -5.43361    -5.43276  9.4994e-05
          39    -5.43338    -5.43278 9.38803e-05
          40    -5.43229    -5.43277 9.23216e-05
          41    -5.43273    -5.43277 9.00731e-05
          42    -5.43261    -5.43276 8.80048e-05
          43    -5.43444     -5.4328 9.41903e-05
          44    -5.43361    -5.43282 9.38262e-05
          45    -5.43247    -5.43281 9.20601e-05
          46    -5.43323    -5.43282 9.05122e-05
          47    -5.43322    -5.43283 8.89822e-05
          48     -5.4328    -5.43283   8.713e-05
          49    -5.43213    -5.43281 8.65011e-05
          50    -5.43349    -5.43283  8.5811e-05
