           1     9.69115     9.69115           0
           2     9.69691     9.69403  0.00203511
           3     9.73295     9.70701   0.0106785
           4     9.68487     9.70147  0.00933346
           5     9.68788     9.69875  0.00785238
           6     9.70067     9.69907  0.00655013
           7     9.67754       9.696  0.00629544
           8     9.73055     9.70032  0.00683166
           9     9.65546     9.69533  0.00767848
          10     9.70822     9.69662  0.00701803
          11     9.71878     9.69864  0.00666284
          12     9.66807     9.69609  0.00657647
          13      9.6616     9.69344  0.00658398
          14     9.69596     9.69362  0.00611617
          15     9.69517     9.69372   0.0057093
          16     9.68497     9.69317  0.00537862
          17     9.69243     9.69313  0.00506241
          18     9.70223     9.69363  0.00480636
          19     9.70393     9.69418  0.00458382
          20     9.71301     9.69512  0.00445029
          21     9.67278     9.69405  0.00436361
          22     9.71911     9.69519   0.0043113
          23     9.72007     9.69627  0.00425739
          24     9.64984     9.69434  0.00449817
          25     9.70467     9.69475  0.00433718
          26     9.66778     9.69372  0.00429268
          27     9.69047      9.6936  0.00413538
          28     9.68565     9.69331  0.00399741
          29     9.70891     9.69385  0.00389559
          30     9.68283     9.69348    0.003783
          31     9.69468     9.69352  0.00366117
          32     9.67692       9.693  0.00358332
          33     9.68324     9.69271  0.00348693
          34     9.69304     9.69272  0.00338439
          35     9.73418      9.6939  0.00348884
          36     9.65682     9.69287   0.0035407
          37     9.67748     9.69245  0.00346937
          38     9.67458     9.69198  0.00340979
          39     9.65654     9.69108  0.00344135
          40     9.70553     9.69144  0.00337423
          41     9.69439     9.69151   0.0032927
          42     9.70718     9.69188  0.00323537
          43     9.67502     9.69149  0.00318379
          44     9.71224     9.69196  0.00314615
          45     9.68165     9.69173  0.00308457
          46     9.71204     9.69217  0.00304894
          47     9.69535     9.69224  0.00298482
          48     9.67432     9.69187  0.00294588
          49     9.71344     9.69231  0.00291849
          50     9.67315     9.69193  0.00288516
