           1    -6.65011    -6.65011           0
           2     -6.6478    -6.64895 0.000815771
           3    -6.64162    -6.64651  0.00206876
           4    -6.65086     -6.6476  0.00181484
           5    -6.65069    -6.64822  0.00155367
           6     -6.6454    -6.64775  0.00136356
           7    -6.64852    -6.64786  0.00117322
           8    -6.63668    -6.64646  0.00166186
           9    -6.65674     -6.6476  0.00182811
          10     -6.6466     -6.6475  0.00164806
          11    -6.64566    -6.64733  0.00150675
          12    -6.65274    -6.64778  0.00144689
          13    -6.64933     -6.6479  0.00134047
          14     -6.6432    -6.64757  0.00128607
          15    -6.64494    -6.64739  0.00121217
          16    -6.65133    -6.64764   0.0011611
          17    -6.64761    -6.64764   0.0010928
          18    -6.64722    -6.64761  0.00103233
          19    -6.64914    -6.64769 0.000981111
          20     -6.6457    -6.64759 0.000937128
          21    -6.65254    -6.64783 0.000921563
          22    -6.64857    -6.64786 0.000880285
          23    -6.64108    -6.64757 0.000890034
          24     -6.6533    -6.64781 0.000884387
          25    -6.64339    -6.64763 0.000866446
          26     -6.6527    -6.64783 0.000854737
          27    -6.64912    -6.64787  0.00082442
          28    -6.65017    -6.64796 0.000799039
          29      -6.642    -6.64775 0.000797446
          30    -6.64934     -6.6478 0.000772618
          31    -6.64413    -6.64768 0.000756736
          32    -6.64812     -6.6477 0.000733209
          33    -6.64493    -6.64761 0.000715757
          34    -6.64433    -6.64752   0.0007012
          35    -6.63884    -6.64727 0.000723637
          36    -6.65025    -6.64735 0.000708255
          37    -6.64963    -6.64741  0.00069179
          38    -6.65285    -6.64756 0.000688225
          39    -6.65485    -6.64774 0.000695548
          40    -6.64619    -6.64771 0.000679241
          41     -6.6482    -6.64772  0.00066278
          42    -6.64222    -6.64759 0.000659811
          43    -6.65283    -6.64771 0.000655647
          44    -6.64732     -6.6477 0.000640806
          45    -6.64784     -6.6477 0.000626574
          46    -6.64496    -6.64764  0.00061578
          47    -6.64586    -6.64761 0.000603848
          48    -6.65274    -6.64771 0.000600659
          49    -6.64462    -6.64765 0.000591714
          50    -6.65499     -6.6478 0.000597841
